AMC,17.2500,17.5000,17.1000,17.2000,873790,04/26/18,-0.05000000000000071,-0.28985507246377223
AMC,17.2000,17.3000,16.9000,17.2500,1.21 M,04/25/18,0.05000000000000071,0.2906976744186088
AMC,17.3000,17.3000,16.8000,17.2000,1.03 M,04/24/18,0.05000000000000071,0.29154518950437736
AMC,17.0000,17.5500,16.9000,17.1500,1.20 M,04/23/18,0.14999999999999858,0.8823529411764622
AMC,17.3500,17.5000,16.7500,17.0000,2.13 M,04/20/18,-0.25,-1.4492753623188406
AMC,17.6500,17.9500,17.1500,17.2500,1.59 M,04/19/18,-0.3000000000000007,-1.7094017094017133
AMC,17.5500,17.8500,17.2000,17.5500,1.47 M,04/18/18,0.15000000000000213,0.8620689655172536
AMC,17.4000,17.7000,17.1500,17.4000,1.55 M,04/17/18,0.25,1.457725947521866
AMC,17.1500,17.5500,16.8500,17.1500,1.83 M,04/16/18,0.1999999999999993,1.1799410029498483
AMC,16.5500,17.0000,16.3000,16.9500,1.09 M,04/13/18,0.4499999999999993,2.727272727272723
AMC,16.7500,16.9000,16.4000,16.5000,896474,04/12/18,-0.1999999999999993,-1.1976047904191576
AMC,16.7000,17.0000,16.6500,16.7000,973282,04/11/18,-0.10000000000000142,-0.5952380952381037
AMC,16.6000,17.0000,16.5000,16.8000,1.58 M,04/10/18,0.3500000000000014,2.127659574468094
AMC,16.6000,16.8500,16.4500,16.4500,1.42 M,04/09/18,0.0,0.0
AMC,16.2000,16.8000,16.1000,16.4500,2.31 M,04/06/18,0.09999999999999787,0.6116207951070205
AMC,15.6000,16.4000,15.3500,16.3500,2.89 M,04/05/18,0.9500000000000011,6.168831168831176
AMC,15.0000,15.8000,14.8000,15.4000,2.90 M,04/04/18,0.15000000000000036,0.9836065573770515
AMC,14.2000,15.3250,14.2000,15.2500,2.41 M,04/03/18,1.0999999999999996,7.773851590106005
AMC,13.9500,14.6000,13.9500,14.1500,1.86 M,04/02/18,0.09999999999999964,0.7117437722419904
AMC,13.6000,14.2500,13.6000,14.0500,1.43 M,03/29/18,0.5500000000000007,4.07407407407408
AMC,13.6500,14.1000,13.4500,13.5000,1.29 M,03/28/18,-0.09999999999999964,-0.7352941176470562
AMC,14.0500,14.1000,13.5500,13.6000,1.39 M,03/27/18,-0.34999999999999964,-2.5089605734767
AMC,14.1000,14.1500,13.7500,13.9500,946630,03/26/18,0.049999999999998934,0.35971223021581966
AMC,13.8500,14.3000,13.7000,13.9000,1.47 M,03/23/18,0.09999999999999964,0.7246376811594176
AMC,13.9500,14.3000,13.5750,13.8000,1.41 M,03/22/18,-0.34999999999999964,-2.4734982332155453
AMC,13.9500,14.6000,13.9500,14.1500,1.01 M,03/21/18,0.09999999999999964,0.7117437722419904
AMC,14.2000,14.5000,13.9500,14.0500,1.15 M,03/20/18,-0.09999999999999964,-0.7067137809187254
AMC,14.2000,14.2000,13.7500,14.1500,1.99 M,03/19/18,-0.049999999999998934,-0.35211267605633056
AMC,14.8000,14.8000,14.0000,14.2000,2.36 M,03/16/18,-0.5500000000000007,-3.7288135593220386
AMC,15.0500,15.1500,14.6500,14.7500,1.05 M,03/15/18,-0.3000000000000007,-1.9933554817275794
AMC,14.9000,15.1250,14.7000,15.0500,1.06 M,03/14/18,0.3000000000000007,2.0338983050847506
AMC,15.7000,15.8500,14.6500,14.7500,2.21 M,03/13/18,-0.9000000000000004,-5.75079872204473
AMC,15.7000,15.8250,15.4500,15.6500,1.13 M,03/12/18,-0.049999999999998934,-0.31847133757961105
AMC,15.4000,15.8500,15.3000,15.7000,1.38 M,03/09/18,0.14999999999999858,0.9646302250803767
AMC,15.6000,16.0000,15.5000,15.5500,1.28 M,03/08/18,-0.14999999999999858,-0.9554140127388445
AMC,15.9000,15.9750,15.2500,15.7000,1.39 M,03/07/18,-0.25,-1.567398119122257
AMC,15.8000,16.0750,15.3000,15.9500,1.71 M,03/06/18,0.1999999999999993,1.2698412698412653
AMC,15.8000,16.0000,15.5500,15.7500,2.16 M,03/05/18,0.0,0.0
AMC,14.7000,15.8500,14.5000,15.7500,3.27 M,03/02/18,1.0,6.779661016949152
AMC,15.9500,16.0000,14.5000,14.7500,3.74 M,03/01/18,-0.25,-1.6666666666666667
AMC,15.8000,15.8750,14.8500,15.0000,3.74 M,02/28/18,-0.75,-4.761904761904762
AMC,15.4500,15.8750,15.2050,15.7500,2.17 M,02/27/18,0.3000000000000007,1.9417475728155387
AMC,14.8500,15.9000,14.8450,15.4500,3.67 M,02/26/18,0.5999999999999996,4.040404040404038
AMC,14.5500,14.9000,14.3000,14.8500,1.83 M,02/23/18,0.5499999999999989,3.8461538461538387
AMC,14.5000,14.9000,14.2500,14.3000,1.46 M,02/22/18,-0.09999999999999964,-0.694444444444442
AMC,14.5000,14.8500,14.3500,14.4000,1.16 M,02/21/18,-0.09999999999999964,-0.6896551724137907
AMC,14.6500,15.0000,14.3050,14.5000,2.00 M,02/20/18,0.09999999999999964,0.694444444444442
AMC,14.6500,14.9000,14.3000,14.4000,1.44 M,02/16/18,-0.25,-1.706484641638225
AMC,14.4000,14.8750,14.2250,14.6500,2.15 M,02/15/18,0.40000000000000036,2.8070175438596516
AMC,13.7000,14.4950,13.7000,14.2500,1.98 M,02/14/18,0.40000000000000036,2.888086642599281
AMC,13.9000,14.1000,13.5500,13.8500,1.86 M,02/13/18,-0.05000000000000071,-0.35971223021583243
AMC,13.6500,14.3250,13.4000,13.9000,1.73 M,02/12/18,0.45000000000000107,3.345724907063205
AMC,13.7000,13.8000,12.9000,13.4500,2.10 M,02/09/18,-0.3000000000000007,-2.181818181818187
AMC,14.3000,14.3000,13.6250,13.7500,1.56 M,02/08/18,-0.4499999999999993,-3.1690140845070376
AMC,13.7500,14.4000,13.7000,14.2000,2.73 M,02/07/18,0.4499999999999993,3.2727272727272676
AMC,13.0000,13.8000,12.8000,13.7500,1.93 M,02/06/18,0.40000000000000036,2.996254681647943
AMC,13.8000,13.9000,13.2000,13.3500,1.62 M,02/05/18,-0.5999999999999996,-4.301075268817202
AMC,13.5000,14.2250,13.3500,13.9500,2.68 M,02/02/18,0.4499999999999993,3.333333333333328
AMC,12.8000,13.6000,12.6500,13.5000,2.19 M,02/01/18,0.6999999999999993,5.468749999999994
AMC,12.6000,12.8500,12.5500,12.8000,1.19 M,01/31/18,0.20000000000000107,1.5873015873015959
AMC,12.7500,12.8500,12.5000,12.6000,2.49 M,01/30/18,-0.25,-1.9455252918287937
AMC,12.8000,12.9500,12.6500,12.8500,2.05 M,01/29/18,0.0,0.0
AMC,13.1500,13.2000,12.4000,12.8500,3.57 M,01/26/18,-0.3000000000000007,-2.281368821292781
AMC,13.2500,13.2950,13.0000,13.1500,1.18 M,01/25/18,-0.049999999999998934,-0.37878787878787074
AMC,13.4000,13.6500,13.1000,13.2000,1.72 M,01/24/18,-0.20000000000000107,-1.4925373134328437
AMC,13.3500,13.7000,13.1500,13.4000,1.73 M,01/23/18,0.15000000000000036,1.1320754716981158
AMC,13.2500,13.4000,13.0500,13.2500,1.98 M,01/22/18,0.05000000000000071,0.37878787878788417
AMC,13.3500,13.4500,13.1000,13.2000,1.31 M,01/19/18,-0.20000000000000107,-1.4925373134328437
AMC,13.7500,13.8000,13.3500,13.4000,1.97 M,01/18/18,-0.34999999999999964,-2.5454545454545427
AMC,13.7000,13.9500,13.6550,13.7500,1.02 M,01/17/18,0.09999999999999964,0.73260073260073
AMC,14.5000,14.6000,13.6050,13.6500,2.26 M,01/16/18,-0.7999999999999989,-5.536332179930788
AMC,14.1500,14.7000,13.9500,14.4500,4.66 M,01/12/18,0.34999999999999964,2.482269503546097
AMC,13.9000,14.1500,13.7500,14.1000,2.15 M,01/11/18,0.15000000000000036,1.0752688172043037
AMC,13.6000,14.2500,13.5500,13.9500,2.68 M,01/10/18,0.049999999999998934,0.35971223021581966
AMC,13.7500,14.0000,13.5500,13.9000,2.00 M,01/09/18,0.09999999999999964,0.7246376811594176
AMC,14.3000,14.3500,13.6500,13.8000,2.35 M,01/08/18,-0.29999999999999893,-2.1276595744680775
AMC,14.5000,14.5630,14.0500,14.1000,2.01 M,01/05/18,-0.34999999999999964,-2.4221453287197208
AMC,15.0000,15.1000,14.3500,14.4500,2.14 M,01/04/18,-0.5500000000000007,-3.6666666666666714
AMC,15.4500,15.5000,14.9000,15.0000,1.63 M,01/03/18,-0.40000000000000036,-2.5974025974025996
AMC,15.2000,15.6500,14.9000,15.4000,2.26 M,01/02/18,0.3000000000000007,1.986754966887422
AMC,14.8500,15.4250,14.7500,15.1000,2.65 M,12/29/17,0.25,1.6835016835016836
AMC,14.0500,14.9000,14.0000,14.8500,2.51 M,12/28/17,0.75,5.319148936170213
AMC,14.3500,14.4000,14.0000,14.1000,2.02 M,12/27/17,-0.3000000000000007,-2.0833333333333384
AMC,14.8000,14.9500,14.1250,14.4000,3.50 M,12/26/17,-0.5,-3.3557046979865772
AMC,15.4000,15.5000,14.7000,14.9000,2.65 M,12/22/17,-0.5,-3.2467532467532467
AMC,15.1000,15.6000,15.0500,15.4000,2.87 M,12/21/17,0.5500000000000007,3.7037037037037086
AMC,15.3000,15.3000,14.8000,14.8500,2.26 M,12/20/17,-0.40000000000000036,-2.6229508196721336
AMC,15.2500,15.3500,15.0000,15.2500,1.50 M,12/19/17,0.0,0.0
AMC,15.1000,15.4000,14.3500,15.2500,3.67 M,12/18/17,0.15000000000000036,0.993377483443711
AMC,15.7500,15.9000,14.9000,15.1000,4.41 M,12/15/17,-0.7000000000000011,-4.43037974683545
AMC,15.2000,15.8000,15.2000,15.8000,2.38 M,12/14/17,0.6500000000000004,4.290429042904292
AMC,15.3500,15.3500,14.6250,15.1500,2.70 M,12/13/17,-0.09999999999999964,-0.6557377049180304
AMC,15.6500,16.0000,15.1500,15.2500,3.31 M,12/12/17,0.0,0.0
AMC,14.6000,15.4500,14.6000,15.2500,3.13 M,12/11/17,0.5999999999999996,4.0955631399317385
AMC,14.4000,14.7000,14.2000,14.6500,1.90 M,12/08/17,0.3000000000000007,2.0905923344947785
AMC,14.1500,14.5000,14.0500,14.3500,1.93 M,12/07/17,0.09999999999999964,0.7017543859649098
AMC,14.9000,15.0000,14.1500,14.2500,3.83 M,12/06/17,-0.1999999999999993,-1.3840830449826942
AMC,14.6500,14.9000,14.3000,14.4500,3.17 M,12/05/17,0.14999999999999858,1.048951048951039
AMC,14.1500,14.6500,14.0500,14.3000,2.22 M,12/04/17,0.3000000000000007,2.142857142857148
AMC,14.0500,14.3000,13.6380,14.0000,2.26 M,12/01/17,-0.25,-1.7543859649122806
AMC,15.6500,15.6500,14.0500,14.2500,5.28 M,11/30/17,-1.1500000000000004,-7.467532467532469
AMC,16.3000,16.4000,15.0000,15.4000,4.24 M,11/29/17,-0.7499999999999982,-4.643962848297203
AMC,14.9500,16.4000,14.4000,16.1500,7.54 M,11/28/17,1.2499999999999982,8.389261744966431
AMC,14.0000,15.0000,13.9250,14.9000,4.00 M,11/27/17,1.0500000000000007,7.58122743682311
AMC,13.1000,14.0500,13.0950,13.8500,1.74 M,11/24/17,0.6500000000000004,4.9242424242424265
AMC,12.6000,13.3250,12.5000,13.2000,2.50 M,11/22/17,0.5,3.937007874015748
AMC,12.8500,12.9500,12.5000,12.7000,1.63 M,11/21/17,-0.05000000000000071,-0.3921568627451036
AMC,12.8000,12.9000,12.3000,12.7500,2.04 M,11/20/17,-0.1999999999999993,-1.544401544401539
AMC,12.5000,13.1500,12.4000,12.9500,2.88 M,11/17/17,0.5,4.016064257028113
AMC,12.6000,12.9500,12.3000,12.4500,2.68 M,11/16/17,-0.10000000000000142,-0.7968127490039953
AMC,12.2500,12.7000,11.9000,12.5500,3.62 M,11/15/17,0.3500000000000014,2.8688524590164053
AMC,11.8000,12.2500,11.5000,12.2000,3.24 M,11/14/17,0.5499999999999989,4.7210300429184455
AMC,11.1500,11.7000,10.8000,11.6500,4.07 M,11/13/17,0.6500000000000004,5.909090909090912
AMC,11.4500,11.6000,10.9000,11.0000,4.08 M,11/10/17,-0.40000000000000036,-3.5087719298245643
AMC,11.7500,12.0000,11.3500,11.4000,4.53 M,11/09/17,-0.40000000000000036,-3.3898305084745792
AMC,12.0500,12.2500,11.6500,11.8000,4.52 M,11/08/17,-0.5,-4.0650406504065035
AMC,11.8500,12.9000,11.2500,12.3000,8.40 M,11/07/17,0.10000000000000142,0.8196721311475527
AMC,12.0500,12.3500,11.4500,12.2000,6.64 M,11/06/17,0.29999999999999893,2.5210084033613356
AMC,12.9500,13.0500,11.8000,11.9000,5.83 M,11/03/17,-0.9499999999999993,-7.392996108949411
AMC,13.3000,13.3500,12.7000,12.8500,3.65 M,11/02/17,-0.5999999999999996,-4.460966542750927
AMC,14.1000,14.1000,13.1000,13.4500,3.74 M,11/01/17,-0.45000000000000107,-3.2374100719424534
AMC,13.8000,14.3000,13.8000,13.9000,2.31 M,10/31/17,0.0,0.0
AMC,14.7000,14.8500,13.7500,13.9000,3.91 M,10/30/17,-0.8499999999999996,-5.762711864406778
AMC,14.6500,14.9500,14.3000,14.7500,1.59 M,10/27/17,0.05000000000000071,0.3401360544217736
AMC,14.1000,14.9500,14.1000,14.7000,2.54 M,10/26/17,0.6499999999999986,4.626334519572944
AMC,14.6500,14.7500,14.0000,14.0500,1.69 M,10/25/17,-0.25,-1.7482517482517481
AMC,14.1500,14.3950,14.0000,14.3000,1.26 M,10/24/17,0.15000000000000036,1.0600706713780943
AMC,14.0000,14.3500,13.9500,14.1500,1.15 M,10/23/17,0.15000000000000036,1.071428571428574
AMC,14.3500,14.5500,13.9500,14.0000,2.07 M,10/20/17,-0.25,-1.7543859649122806
AMC,13.5500,14.3000,13.5000,14.2500,2.27 M,10/19/17,0.6500000000000004,4.779411764705885
AMC,13.7000,14.0500,13.5500,13.6000,2.51 M,10/18/17,-0.15000000000000036,-1.0909090909090935
AMC,13.8500,14.0000,13.6000,13.7500,1.32 M,10/17/17,0.0,0.0
AMC,13.7000,14.1000,13.6500,13.7500,1.28 M,10/16/17,0.0,0.0
AMC,13.7500,14.0500,13.7500,13.7500,1.13 M,10/13/17,-0.09999999999999964,-0.722021660649817
AMC,13.9000,13.9500,13.3500,13.8500,2.28 M,10/12/17,0.09999999999999964,0.7272727272727247
AMC,13.8500,14.1500,13.5500,13.7500,2.67 M,10/11/17,-0.09999999999999964,-0.722021660649817
AMC,14.1500,14.3000,13.6500,13.8500,3.45 M,10/10/17,-0.15000000000000036,-1.071428571428574
AMC,15.2000,15.2000,13.8250,14.0000,6.33 M,10/09/17,-1.1999999999999993,-7.894736842105259
AMC,15.9500,16.1129,15.1000,15.2000,2.86 M,10/06/17,-0.8500000000000014,-5.295950155763249
AMC,16.1000,16.5000,15.6750,16.0500,1.88 M,10/05/17,0.25,1.5822784810126582
AMC,15.9000,16.0500,15.5000,15.8000,1.40 M,10/04/17,-0.09999999999999964,-0.6289308176100606
AMC,14.7500,15.9500,14.7500,15.9000,3.29 M,10/03/17,1.200000000000001,8.163265306122456
AMC,15.0000,15.1500,14.4500,14.7000,1.97 M,10/02/17,0.0,0.0
AMC,14.8500,15.0000,14.2500,14.7000,3.38 M,09/29/17,-0.3000000000000007,-2.000000000000005
AMC,15.3500,15.3500,14.7500,15.0000,3.10 M,09/28/17,-0.5,-3.225806451612903
AMC,15.5000,15.7250,15.0250,15.5000,2.16 M,09/27/17,0.09999999999999964,0.649350649350647
AMC,15.2000,15.7500,15.1000,15.4000,1.82 M,09/26/17,0.25,1.6501650165016502
AMC,15.7500,16.1500,15.0500,15.1500,4.65 M,09/25/17,-0.75,-4.716981132075472
AMC,15.8000,16.0000,15.4000,15.9000,1.65 M,09/22/17,0.09999999999999964,0.632911392405061
AMC,15.4500,15.8500,15.1000,15.8000,2.60 M,09/21/17,0.45000000000000107,2.931596091205219
AMC,15.7500,16.2500,15.2000,15.3500,2.93 M,09/20/17,-0.3000000000000007,-1.9169329073482473
AMC,16.7000,16.7000,15.5000,15.6500,3.90 M,09/19/17,-0.9999999999999982,-6.006006006005996
AMC,17.2000,17.6500,16.2000,16.6500,4.19 M,09/18/17,-0.3000000000000007,-1.769911504424783
AMC,16.1000,17.1250,16.1000,16.9500,6.67 M,09/15/17,0.8999999999999986,5.6074766355140095
AMC,15.2000,16.3500,15.2000,16.0500,7.20 M,09/14/17,0.8500000000000014,5.5921052631579045
AMC,14.2500,15.3500,14.1500,15.2000,3.64 M,09/13/17,1.0,7.042253521126761
AMC,14.0000,14.5250,14.0000,14.2000,2.42 M,09/12/17,0.09999999999999964,0.7092198581560258
AMC,13.5500,14.4000,13.5000,14.1000,2.33 M,09/11/17,0.75,5.617977528089888
AMC,13.5000,13.8500,13.0500,13.3500,2.16 M,09/08/17,-0.45000000000000107,-3.2608695652173987
AMC,14.4000,14.6000,13.7250,13.8000,7.73 M,09/07/17,-0.5999999999999996,-4.166666666666664
AMC,14.5000,14.6000,14.1500,14.4000,2.98 M,09/06/17,-0.09999999999999964,-0.6896551724137907
AMC,14.2000,14.5750,14.0500,14.5000,5.53 M,09/05/17,0.34999999999999964,2.4734982332155453
AMC,13.2000,14.3500,13.2000,14.1500,3.23 M,09/01/17,0.75,5.597014925373134
AMC,13.4500,13.7000,13.2500,13.4000,2.36 M,08/31/17,-0.049999999999998934,-0.3717472118959029
AMC,12.8000,13.5000,12.6500,13.4500,3.28 M,08/30/17,0.5999999999999996,4.669260700389103
AMC,12.8500,12.9500,12.4500,12.8500,3.03 M,08/29/17,-0.20000000000000107,-1.5325670498084372
AMC,13.0500,13.2500,12.7500,13.0500,3.42 M,08/28/17,0.15000000000000036,1.1627906976744213
AMC,12.9500,13.2500,12.7500,12.9000,1.98 M,08/25/17,0.09999999999999964,0.7812499999999972
AMC,12.5500,13.3750,12.5000,12.8000,2.14 M,08/24/17,0.25,1.99203187250996
AMC,12.7500,12.8000,12.4000,12.5500,2.67 M,08/23/17,-0.29999999999999893,-2.3346303501945442
AMC,13.1500,13.4500,12.5250,12.8500,2.99 M,08/22/17,-0.20000000000000107,-1.5325670498084372
AMC,13.0000,13.1500,12.4250,13.0500,4.05 M,08/21/17,0.05000000000000071,0.3846153846153901
AMC,13.1000,13.2000,12.0500,13.0000,7.12 M,08/18/17,-0.15000000000000036,-1.1406844106463905
AMC,13.3000,13.9000,13.1500,13.1500,3.27 M,08/17/17,-0.15000000000000036,-1.1278195488721832
AMC,13.3500,13.7500,13.1500,13.3000,2.57 M,08/16/17,0.05000000000000071,0.3773584905660431
AMC,13.7000,13.8500,12.9000,13.2500,3.69 M,08/15/17,-0.34999999999999964,-2.5735294117647034
AMC,14.3000,14.4500,13.5000,13.6000,3.17 M,08/14/17,-0.45000000000000107,-3.2028469750889754
AMC,14.4000,14.5500,13.6500,14.0500,3.63 M,08/11/17,-0.3999999999999986,-2.7681660899653884
AMC,15.4500,15.5000,14.4000,14.4500,3.39 M,08/10/17,-1.0500000000000007,-6.774193548387101
AMC,16.0000,16.1000,15.4500,15.5000,2.46 M,08/09/17,-0.6499999999999986,-4.0247678018575765
AMC,16.1000,16.4500,16.1000,16.1500,2.35 M,08/08/17,0.04999999999999716,0.31055900621116245
AMC,16.2000,16.4500,16.0500,16.1000,3.08 M,08/07/17,-0.14999999999999858,-0.9230769230769144
AMC,15.6500,16.6500,15.5000,16.2500,6.60 M,08/04/17,1.1500000000000004,7.615894039735101
AMC,15.2000,15.2500,14.8000,15.1000,5.69 M,08/03/17,-0.09999999999999964,-0.657894736842103
AMC,15.8000,16.0500,15.1500,15.2000,16.90 M,08/02/17,-5.600000000000001,-26.923076923076927
AMC,20.4500,20.9000,20.3000,20.8000,2.15 M,08/01/17,0.40000000000000213,1.9607843137255008
AMC,20.6000,20.7000,20.2500,20.4000,1.55 M,07/31/17,-0.10000000000000142,-0.4878048780487874
AMC,20.5500,20.7500,20.4500,20.5000,1.35 M,07/28/17,-0.1999999999999993,-0.9661835748792237
AMC,21.1500,21.1500,20.5000,20.7000,1.89 M,07/27/17,-0.3500000000000014,-1.6627078384798166
AMC,20.8500,21.2000,20.7000,21.0500,1.63 M,07/26/17,0.1999999999999993,0.9592326139088694
AMC,20.5000,21.0000,20.5000,20.8500,1.36 M,07/25/17,0.3500000000000014,1.7073170731707386
AMC,20.4000,20.8000,20.2500,20.5000,1.58 M,07/24/17,0.14999999999999858,0.7371007371007301
AMC,20.5500,20.8500,20.1750,20.3500,1.28 M,07/21/17,-0.25,-1.2135922330097086
AMC,19.9500,21.0250,19.9000,20.6000,2.53 M,07/20/17,0.75,3.778337531486146
AMC,19.9000,20.4500,19.8000,19.8500,3.34 M,07/19/17,-0.25,-1.243781094527363
AMC,19.7000,20.5000,19.7000,20.1000,3.94 M,07/18/17,0.40000000000000213,2.030456852791889
AMC,21.2500,21.2500,19.6500,19.7000,6.24 M,07/17/17,-2.1999999999999993,-10.04566210045662
AMC,22.1000,22.1250,21.7750,21.9000,876473,07/14/17,-0.25,-1.1286681715575622
AMC,21.3000,22.3000,21.3000,22.1500,976252,07/13/17,0.75,3.504672897196262
AMC,22.4000,22.4000,21.2500,21.4000,1.59 M,07/12/17,-0.9000000000000021,-4.035874439461893
AMC,21.5000,22.4000,21.5000,22.3000,1.07 M,07/11/17,0.8000000000000007,3.720930232558143
AMC,21.8500,22.0000,21.4500,21.5000,1.30 M,07/10/17,-0.4499999999999993,-2.0501138952163975
AMC,21.6000,22.2500,21.2500,21.9500,1.47 M,07/07/17,0.3000000000000007,1.3856812933025437
AMC,22.3000,22.3000,21.4500,21.6500,2.06 M,07/06/17,-0.8000000000000007,-3.563474387527843
AMC,23.2500,23.6000,22.2500,22.4500,1.90 M,07/05/17,-0.75,-3.2327586206896552
AMC,22.9000,23.3500,22.8000,23.2000,837052,07/03/17,0.4499999999999993,1.978021978021975
AMC,23.7000,23.7000,22.6500,22.7500,2.17 M,06/30/17,-0.8999999999999986,-3.805496828752637
AMC,23.9000,24.0000,23.3000,23.6500,1.04 M,06/29/17,-0.25,-1.0460251046025104
AMC,23.5000,24.2000,23.5000,23.9000,1.40 M,06/28/17,0.5499999999999972,2.3554603854389597
AMC,23.6000,23.9500,23.2000,23.3500,1.16 M,06/27/17,-0.1999999999999993,-0.8492569002123111
AMC,23.5000,23.7750,23.2500,23.5500,1.60 M,06/26/17,-0.05000000000000071,-0.211864406779664
AMC,23.1000,23.7500,22.5000,23.6000,2.38 M,06/23/17,0.5500000000000007,2.386117136659439
AMC,22.8500,23.0750,22.1500,23.0500,3.22 M,06/22/17,0.0,0.0
AMC,23.5500,23.6000,22.6000,23.0500,1.97 M,06/21/17,-0.5500000000000007,-2.330508474576274
AMC,24.5500,24.6000,23.2500,23.6000,2.58 M,06/20/17,-1.1499999999999986,-4.646464646464641
AMC,24.7000,25.0500,24.6205,24.7500,1.70 M,06/19/17,0.10000000000000142,0.40567951318458995
AMC,23.9500,24.7000,23.7500,24.6500,1.86 M,06/16/17,0.5999999999999979,2.494802494802486
AMC,24.0000,24.2637,23.7750,24.0500,841233,06/15/17,-0.14999999999999858,-0.6198347107437958
AMC,24.5500,24.6000,24.1000,24.2000,1.11 M,06/14/17,-0.05000000000000071,-0.2061855670103122
AMC,23.6000,24.4000,23.6000,24.2500,1.61 M,06/13/17,0.75,3.1914893617021276
AMC,23.4000,23.7500,23.2000,23.5000,1.67 M,06/12/17,0.1999999999999993,0.8583690987124433
AMC,23.6000,23.8000,23.2500,23.3000,1.95 M,06/09/17,-0.34999999999999787,-1.4799154334037965
AMC,23.7000,23.8500,23.2000,23.6500,1.60 M,06/08/17,-0.10000000000000142,-0.42105263157895334
AMC,24.4500,24.8000,23.7500,23.7500,2.67 M,06/07/17,-0.6499999999999986,-2.6639344262295026
AMC,24.8000,25.0500,24.0000,24.4000,3.40 M,06/06/17,-0.6000000000000014,-2.4000000000000057
AMC,24.6500,25.5750,24.4500,25.0000,3.88 M,06/05/17,0.1999999999999993,0.8064516129032229
AMC,23.7500,24.8500,23.7000,24.8000,4.18 M,06/02/17,1.3500000000000014,5.7569296375266585
AMC,22.4000,23.8000,22.3500,23.4500,2.71 M,06/01/17,0.9499999999999993,4.222222222222219
AMC,23.3500,23.5500,22.3500,22.5000,3.61 M,05/31/17,-0.8500000000000014,-3.640256959314781
AMC,24.5000,24.6000,23.3000,23.3500,2.39 M,05/30/17,-1.3499999999999979,-5.465587044534404
AMC,23.4500,25.2000,23.3500,24.7000,3.36 M,05/26/17,1.3000000000000007,5.555555555555558
AMC,23.5500,23.8500,23.1250,23.4000,2.74 M,05/25/17,-0.10000000000000142,-0.4255319148936231
AMC,24.7000,24.7000,23.4500,23.5000,3.28 M,05/24/17,-1.1499999999999986,-4.665314401622712
AMC,25.0500,25.3000,24.6000,24.6500,1.33 M,05/23/17,-0.3500000000000014,-1.4000000000000057
AMC,25.3000,25.6000,24.9000,25.0000,1.87 M,05/22/17,-0.3000000000000007,-1.185770750988145
AMC,24.4500,25.5500,24.4500,25.3000,2.11 M,05/19/17,0.8000000000000007,3.2653061224489823
AMC,24.5500,24.7500,24.3000,24.5000,1.66 M,05/18/17,-0.10000000000000142,-0.40650406504065617
AMC,25.5000,25.6000,24.5500,24.6000,1.97 M,05/17/17,-1.1499999999999986,-4.466019417475723
AMC,26.6000,26.8500,25.5000,25.7500,2.33 M,05/16/17,-0.6999999999999993,-2.6465028355387497
AMC,27.0000,27.0000,25.9000,26.4500,2.56 M,05/15/17,-0.4499999999999993,-1.672862453531596
AMC,27.5000,27.5000,26.7000,26.9000,2.01 M,05/12/17,-0.6000000000000014,-2.181818181818187
AMC,27.9500,28.0500,27.4000,27.5000,1.44 M,05/11/17,-0.4499999999999993,-1.610017889087654
AMC,28.8000,28.9000,27.4000,27.9500,2.81 M,05/10/17,-0.9499999999999993,-3.2871972318339076
AMC,29.3000,30.1000,28.7500,28.9000,3.06 M,05/09/17,0.09999999999999787,0.3472222222222148
AMC,29.3000,29.3680,28.5000,28.8000,1.89 M,05/08/17,-0.3000000000000007,-1.0309278350515487
AMC,29.4500,29.6250,29.0000,29.1000,1.31 M,05/05/17,-0.29999999999999716,-1.0204081632652966
AMC,30.1500,30.1500,29.3000,29.4000,1.24 M,05/04/17,-0.7000000000000028,-2.3255813953488467
AMC,29.8500,30.1640,29.7500,30.1000,831965,05/03/17,0.05000000000000071,0.16638935108153313
AMC,29.7500,30.0500,29.5750,30.0500,1.05 M,05/02/17,0.25,0.8389261744966443
AMC,30.4500,30.5500,29.7000,29.8000,1.27 M,05/01/17,-0.5,-1.6501650165016502
AMC,30.7000,30.7000,30.0000,30.3000,1.37 M,04/28/17,-0.3999999999999986,-1.3029315960912007
AMC,31.2000,31.2500,30.5500,30.7000,773891,04/27/17,-0.5,-1.6025641025641026
AMC,31.0000,31.4000,30.8500,31.2000,1.09 M,04/26/17,0.1999999999999993,0.6451612903225784
AMC,30.8500,31.3000,30.8500,31.0000,836945,04/25/17,0.3000000000000007,0.9771986970684062
AMC,31.2000,31.2000,30.4500,30.7000,1.43 M,04/24/17,-0.1999999999999993,-0.6472491909385091
AMC,31.0000,31.2000,30.6000,30.9000,986500,04/21/17,-0.05000000000000071,-0.16155088852988922
AMC,30.6000,31.4500,30.5000,30.9500,1.96 M,04/20/17,0.5500000000000007,1.8092105263157918
AMC,30.5500,30.7000,30.2250,30.4000,723811,04/19/17,-0.10000000000000142,-0.32786885245902103
AMC,30.6000,30.7000,30.2000,30.5000,630365,04/18/17,-0.1999999999999993,-0.6514657980456003
AMC,30.4500,30.7000,30.3000,30.7000,582622,04/17/17,0.5,1.6556291390728477
AMC,30.3500,30.6000,29.9500,30.2000,1.10 M,04/13/17,-0.10000000000000142,-0.3300330033003347
AMC,30.5500,30.8264,30.1000,30.3000,1.12 M,04/12/17,-0.3999999999999986,-1.3029315960912007
AMC,30.6000,30.8500,30.3500,30.7000,712543,04/11/17,0.05000000000000071,0.16313213703099744
AMC,30.5500,30.7000,30.1000,30.6500,782463,04/10/17,0.29999999999999716,0.9884678747940597
AMC,30.7000,30.9000,30.2500,30.3500,1.10 M,04/07/17,-0.4499999999999993,-1.4610389610389587
AMC,30.9500,31.0000,30.3500,30.8000,932052,04/06/17,-0.1999999999999993,-0.6451612903225784
AMC,31.7500,31.8000,30.8750,31.0000,1.23 M,04/05/17,-0.5500000000000007,-1.7432646592710006
AMC,31.9000,32.0500,31.5500,31.5500,1.87 M,04/04/17,-0.3000000000000007,-0.9419152276295155
AMC,31.8500,32.1000,31.5000,31.8500,2.42 M,04/03/17,0.40000000000000213,1.271860095389514
AMC,31.2000,31.6000,31.0000,31.4500,1.75 M,03/31/17,0.3000000000000007,0.9630818619582687
AMC,30.9000,31.2500,30.7000,31.1500,1.65 M,03/30/17,0.1999999999999993,0.6462035541195453
AMC,30.5500,31.0000,30.4000,30.9500,1.38 M,03/29/17,0.3999999999999986,1.3093289689034322
AMC,30.7000,30.7500,30.2500,30.5500,1.31 M,03/28/17,-0.25,-0.8116883116883117
AMC,30.3500,30.9500,30.2500,30.8000,1.44 M,03/27/17,-0.05000000000000071,-0.162074554294978
AMC,30.4000,30.9750,30.3000,30.8500,1.72 M,03/24/17,0.6500000000000021,2.152317880794709
AMC,30.4000,30.7000,30.2000,30.2000,853920,03/23/17,-0.10000000000000142,-0.3300330033003347
AMC,30.0500,30.5000,29.9500,30.3000,843051,03/22/17,0.15000000000000213,0.4975124378109524
AMC,30.7500,31.0000,30.1500,30.1500,828111,03/21/17,-0.45000000000000284,-1.4705882352941269
AMC,30.5500,31.1500,30.5500,30.6000,946816,03/20/17,0.0,0.0
AMC,30.3000,30.7000,30.3000,30.6000,1.76 M,03/17/17,0.40000000000000213,1.3245033112582851
AMC,30.1000,30.4000,30.0000,30.2000,1.02 M,03/16/17,0.09999999999999787,0.33222591362125536
AMC,30.0000,30.3750,29.5493,30.1000,1.19 M,03/15/17,-0.4499999999999993,-1.4729950900163642
AMC,30.3500,30.8250,30.2500,30.5500,1.58 M,03/14/17,0.15000000000000213,0.493421052631586
AMC,30.0000,30.6500,29.9500,30.4000,1.91 M,03/13/17,0.25,0.8291873963515755
AMC,29.7000,30.2000,29.6500,30.1500,1.48 M,03/10/17,0.5999999999999979,2.030456852791871
AMC,29.4500,29.9000,29.4000,29.5500,1.12 M,03/09/17,0.0,0.0
AMC,29.5000,29.9000,29.3500,29.5500,1.06 M,03/08/17,0.10000000000000142,0.3395585738539946
AMC,29.3000,29.6500,29.2500,29.4500,1.23 M,03/07/17,0.14999999999999858,0.5119453924914628
AMC,29.4000,29.6500,29.2000,29.3000,1.13 M,03/06/17,-0.09999999999999787,-0.3401360544217615
AMC,29.7000,29.8000,29.1000,29.4000,2.64 M,03/03/17,-0.3500000000000014,-1.1764705882352988
AMC,30.2500,30.6000,29.7500,29.7500,1.81 M,03/02/17,-0.6499999999999986,-2.1381578947368376
AMC,31.5000,31.5500,29.3000,30.4000,3.87 M,03/01/17,-0.9500000000000028,-3.030303030303039
AMC,31.1500,31.5000,30.9500,31.3500,3.96 M,02/28/17,-0.09999999999999787,-0.31796502384737
AMC,31.2500,31.5000,31.0250,31.4500,1.77 M,02/27/17,0.05000000000000071,0.15923566878981119
AMC,31.1000,31.4500,30.9500,31.4000,1.14 M,02/24/17,0.04999999999999716,0.15948963317383463
AMC,31.2500,31.4500,31.0500,31.3500,1.28 M,02/23/17,0.0,0.0
AMC,30.8000,31.4000,30.6500,31.3500,1.54 M,02/22/17,0.5,1.6207455429497568
AMC,31.2500,31.2500,30.4500,30.8500,1.20 M,02/21/17,-0.34999999999999787,-1.121794871794865
AMC,31.2500,31.3250,31.0000,31.2000,1.66 M,02/17/17,-0.05000000000000071,-0.16000000000000228
AMC,31.3500,31.4500,31.1000,31.2500,691164,02/16/17,-0.25,-0.7936507936507936
AMC,31.3000,31.5500,31.1500,31.5000,951209,02/15/17,0.10000000000000142,0.31847133757962237
AMC,31.4500,31.5000,31.2000,31.4000,1.20 M,02/14/17,0.04999999999999716,0.15948963317383463
AMC,31.4000,31.5000,31.1000,31.3500,1.42 M,02/13/17,0.0,0.0
AMC,31.1500,31.5000,31.0000,31.3500,3.13 M,02/10/17,0.3500000000000014,1.1290322580645207
AMC,31.0000,31.2500,30.9500,31.0000,2.68 M,02/09/17,-0.05000000000000071,-0.1610305958132068
AMC,31.0500,31.7250,30.8000,31.0500,12.42 M,02/08/17,-1.4499999999999993,-4.46153846153846
AMC,32.8500,32.9000,32.3500,32.5000,280607,02/07/17,-0.14999999999999858,-0.4594180704440998
AMC,32.7000,32.9500,32.6000,32.6500,246273,02/06/17,-0.25,-0.7598784194528876
AMC,33.1000,33.3000,32.8500,32.9000,238526,02/03/17,-0.14999999999999858,-0.45385779122541176
AMC,33.1000,33.4000,32.8250,33.0500,437613,02/02/17,0.04999999999999716,0.15151515151514292
AMC,33.5000,33.8500,32.7000,33.0000,886201,02/01/17,-0.75,-2.2222222222222223
AMC,34.0000,34.1250,33.7500,33.7500,452846,01/31/17,-0.3999999999999986,-1.1713030746705668
AMC,34.6500,34.6500,33.7832,34.1500,391827,01/30/17,0.14999999999999858,0.4411764705882311
AMC,34.2500,34.3000,33.9000,34.0000,300161,01/27/17,-0.25,-0.7299270072992701
AMC,34.2500,34.6000,34.1500,34.2500,338642,01/26/17,0.10000000000000142,0.2928257686676469
AMC,34.6000,34.6000,34.0500,34.1500,303353,01/25/17,-0.14999999999999858,-0.43731778425655565
AMC,34.3500,34.6000,34.1500,34.3000,330661,01/24/17,0.19999999999999574,0.5865102639296063
AMC,34.3500,34.9000,33.7000,34.1000,502230,01/23/17,-0.19999999999999574,-0.583090379008734
AMC,33.9500,34.4000,33.9000,34.3000,320658,01/20/17,0.3999999999999986,1.1799410029498483
AMC,33.8000,33.9000,33.5500,33.9000,213697,01/19/17,0.10000000000000142,0.2958579881656847
AMC,33.8500,33.9000,33.3000,33.8000,252336,01/18/17,-0.10000000000000142,-0.29498525073746734
AMC,34.1500,34.3000,33.8500,33.9000,181374,01/17/17,-0.3500000000000014,-1.0218978102189822
AMC,34.2000,34.4000,33.9000,34.2500,180239,01/13/17,0.25,0.7352941176470589
AMC,34.2000,34.4000,33.5500,34.0000,192044,01/12/17,-0.29999999999999716,-0.8746355685131113
AMC,34.2000,34.5000,34.0000,34.3000,210206,01/11/17,0.14999999999999858,0.43923865300146
AMC,33.4000,34.5000,33.3000,34.1500,705111,01/10/17,0.8500000000000014,2.552552552552557
AMC,33.6500,34.0500,33.2500,33.3000,415100,01/09/17,-0.5,-1.4792899408284026
AMC,34.0500,34.3500,33.7000,33.8000,337223,01/06/17,-0.20000000000000284,-0.5882352941176554
AMC,34.2500,34.4500,33.5000,34.0000,443212,01/05/17,-0.20000000000000284,-0.5847953216374352
AMC,34.0000,34.8000,34.0000,34.2000,547921,01/04/17,-0.5499999999999972,-1.582733812949632
AMC,34.0500,34.7500,33.9000,34.7500,766082,01/03/17,1.1000000000000014,3.268945022288266
AMC,34.2000,34.3000,33.6000,33.6500,378096,12/30/16,-0.5500000000000043,-1.6081871345029364
AMC,34.6000,34.7000,33.6500,34.2000,562228,12/29/16,-0.3499999999999943,-1.0130246020260327
AMC,35.4500,35.5000,34.5000,34.5500,511505,12/28/16,-0.9000000000000057,-2.538787023977449
AMC,35.4500,35.5000,35.2000,35.4500,348329,12/27/16,0.15000000000000568,0.4249291784702711
AMC,35.0000,35.3000,34.6000,35.3000,528412,12/23/16,0.19999999999999574,0.5698005698005576
AMC,34.6000,35.1250,34.5500,35.1000,881578,12/22/16,0.3999999999999986,1.152737752161379
AMC,33.7000,35.0000,33.3500,34.7000,817135,12/21/16,1.25,3.736920777279521
AMC,33.3000,33.7000,33.0500,33.4500,713791,12/20/16,0.25,0.753012048192771
AMC,32.2000,33.3000,31.9000,33.2000,477634,12/19/16,1.3000000000000043,4.075235109717882
AMC,31.9500,32.3500,31.7000,31.9000,511569,12/16/16,-0.10000000000000142,-0.31250000000000444
AMC,31.7500,32.3000,31.6000,32.0000,432080,12/15/16,0.25,0.7874015748031497
AMC,31.8500,32.1500,31.5000,31.7500,391043,12/14/16,-0.25,-0.78125
AMC,32.2500,32.5000,31.9000,32.0000,408500,12/13/16,-0.3500000000000014,-1.0819165378670832
AMC,32.4000,32.7000,32.0000,32.3500,536366,12/12/16,-0.25,-0.7668711656441718
AMC,32.1500,32.6500,31.9500,32.6000,545795,12/09/16,0.5,1.557632398753894
AMC,32.8500,33.1500,31.9000,32.1000,956098,12/08/16,-0.5499999999999972,-1.6845329249617065
AMC,33.8500,33.8500,32.6000,32.6500,787967,12/07/16,-1.1499999999999986,-3.4023668639053217
AMC,32.8000,34.1000,32.7500,33.8000,376476,12/06/16,0.6999999999999957,2.1148036253776303
AMC,32.5000,33.3500,32.3500,33.1000,235476,12/05/16,0.8500000000000014,2.6356589147286864
AMC,33.5500,33.6000,31.9500,32.2500,529098,12/02/16,-1.25,-3.7313432835820897
AMC,34.0000,34.2500,33.2500,33.5000,523259,12/01/16,-0.45000000000000284,-1.325478645066282
AMC,34.8000,34.8000,33.8500,33.9500,277387,11/30/16,-0.5999999999999943,-1.736613603473211
AMC,34.1000,34.6250,33.9500,34.5500,463761,11/29/16,0.6499999999999986,1.9174041297935063
AMC,35.0000,35.0750,33.8500,33.9000,192695,11/28/16,-1.0500000000000043,-3.004291845493574
AMC,35.0500,35.0500,34.8000,34.9500,188087,11/25/16,0.05000000000000426,0.14326647564471137
AMC,34.8000,35.0500,34.6000,34.9000,231116,11/23/16,0.19999999999999574,0.5763688760806793
AMC,35.0000,35.0500,34.6500,34.7000,285065,11/22/16,-0.04999999999999716,-0.14388489208632277
AMC,35.2000,35.3500,34.5500,34.7500,315913,11/21/16,-0.29999999999999716,-0.8559201141226739
AMC,35.2000,35.3000,34.7500,35.0500,278089,11/18/16,-0.45000000000000284,-1.267605633802825
AMC,34.7000,35.6500,34.3500,35.5000,411070,11/17/16,1.0,2.898550724637681
AMC,34.3000,34.7000,34.1500,34.5000,504142,11/16/16,-0.04999999999999716,-0.14471780028942738
AMC,34.3500,34.7250,34.2500,34.5500,409474,11/15/16,0.04999999999999716,0.14492753623187582
AMC,34.8500,34.9500,34.3500,34.5000,313156,11/14/16,0.0,0.0
AMC,33.6500,34.7000,33.4800,34.5000,635563,11/11/16,1.1000000000000014,3.293413173652699
AMC,33.8500,34.1500,33.1000,33.4000,308812,11/10/16,0.0,0.0
AMC,31.6500,33.9500,31.6500,33.4000,451464,11/09/16,1.1499999999999986,3.5658914728682127
AMC,32.3500,32.9000,31.6000,32.2500,400309,11/08/16,0.14999999999999858,0.4672897196261638
AMC,31.5500,32.2500,31.3000,32.1000,202556,11/07/16,0.8000000000000007,2.5559105431309925
AMC,30.9500,31.8000,30.9500,31.3000,250128,11/04/16,0.5,1.6233766233766234
AMC,30.4500,30.9500,30.4500,30.8000,223145,11/03/16,0.1999999999999993,0.6535947712418277
AMC,30.7000,30.8500,30.4000,30.6000,236893,11/02/16,-0.09999999999999787,-0.32573289902279434
AMC,31.6000,31.6000,30.5000,30.7000,223178,11/01/16,-0.75,-2.384737678855326
AMC,31.2500,31.5500,31.1500,31.4500,210288,10/31/16,0.09999999999999787,0.3189792663476806
AMC,31.4000,31.7750,31.1000,31.3500,211217,10/28/16,-0.09999999999999787,-0.31796502384737
AMC,31.9000,31.9000,31.0500,31.4500,175723,10/27/16,-0.25,-0.7886435331230284
AMC,31.3500,32.1500,31.3500,31.7000,264639,10/26/16,0.09999999999999787,0.3164556962025249
AMC,32.1500,32.2000,31.4500,31.6000,218780,10/25/16,-0.5,-1.557632398753894
AMC,32.2000,32.2500,31.6800,32.1000,220556,10/24/16,0.3000000000000007,0.9433962264150966
AMC,31.5000,31.9250,31.3000,31.8000,208554,10/21/16,0.1999999999999993,0.632911392405061
AMC,31.7000,31.7500,31.4000,31.6000,184388,10/20/16,0.05000000000000071,0.15847860538827482
AMC,31.8000,31.8000,31.3500,31.5500,146273,10/19/16,-0.05000000000000071,-0.15822784810126805
AMC,31.9000,32.0000,31.5500,31.6000,93926,10/18/16,0.05000000000000071,0.15847860538827482
AMC,31.6000,31.7500,31.4500,31.5500,115165,10/17/16,-0.1999999999999993,-0.6299212598425175
AMC,31.5500,31.9500,31.4500,31.7500,171099,10/14/16,0.3999999999999986,1.275917065390745
AMC,31.5500,31.7000,31.3000,31.3500,197001,10/13/16,-0.5499999999999972,-1.724137931034474
AMC,31.6000,32.1000,31.5500,31.9000,192779,10/12/16,0.3999999999999986,1.2698412698412653
AMC,32.3500,32.5000,31.4500,31.5000,205702,10/11/16,-0.7999999999999972,-2.4767801857585052
AMC,32.1000,32.7000,32.0500,32.3000,206578,10/10/16,0.05999999999999517,0.18610421836226787
AMC,32.6100,32.8314,32.1350,32.2400,219996,10/07/16,-0.21999999999999886,-0.6777572396796021
AMC,32.0000,32.6500,31.8700,32.4600,214237,10/06/16,0.5199999999999996,1.6280525986224157
AMC,31.8100,32.1000,31.6300,31.9400,181079,10/05/16,0.3100000000000023,0.980082200442625
AMC,32.3800,32.3800,31.1100,31.6300,330114,10/04/16,-0.5899999999999999,-1.8311607697082555
AMC,31.8500,32.2200,31.3200,32.2200,256268,10/03/16,1.129999999999999,3.6346091990993856
AMC,30.8400,31.3000,30.6900,31.0900,181404,09/30/16,0.28999999999999915,0.9415584415584388
AMC,31.3800,31.5400,30.7800,30.8000,144889,09/29/16,-0.509999999999998,-1.6288725646758162
AMC,31.4500,31.5000,31.0100,31.3100,153375,09/28/16,-0.010000000000001563,-0.031928480204347263
AMC,30.7200,31.3600,30.5700,31.3200,366040,09/27/16,0.6900000000000013,2.2526934378060766
AMC,31.0700,31.4600,30.5900,30.6300,233761,09/26/16,-0.6999999999999993,-2.2342802425789956
AMC,31.4800,31.7900,31.3300,31.3300,186427,09/23/16,-0.33000000000000185,-1.0423246999368347
AMC,31.7900,31.9500,31.5000,31.6600,158877,09/22/16,0.16000000000000014,0.5079365079365084
AMC,31.8100,31.9900,31.2500,31.5000,217789,09/21/16,-0.2699999999999996,-0.8498583569405086
AMC,32.0000,32.2800,31.6000,31.7700,238866,09/20/16,-0.07000000000000028,-0.21984924623115668
AMC,32.0000,32.0000,31.6800,31.8400,277982,09/19/16,-0.07000000000000028,-0.21936696960200652
AMC,31.6200,31.9600,31.3500,31.9100,391349,09/16/16,0.3000000000000007,0.949066751028158
AMC,31.0800,31.6700,30.9300,31.6100,147494,09/15/16,0.6099999999999994,1.9677419354838692
AMC,30.9900,31.2000,30.6100,31.0000,230317,09/14/16,0.05000000000000071,0.16155088852988922
AMC,30.8700,31.0500,30.3450,30.9500,231098,09/13/16,-0.05000000000000071,-0.16129032258064746
AMC,30.1300,31.0500,30.0600,31.0000,235045,09/12/16,0.6999999999999993,2.310231023102308
AMC,30.5100,30.6800,30.2300,30.3000,240685,09/09/16,-0.5299999999999976,-1.7191047680830283
AMC,31.0600,31.2599,30.7000,30.8300,180772,09/08/16,-0.16000000000000014,-0.5162955792191034
AMC,30.4000,31.0100,30.3200,30.9900,252941,09/07/16,0.4599999999999973,1.5067147068457165
AMC,30.4900,30.5450,30.1800,30.5300,219420,09/06/16,0.030000000000001137,0.09836065573770865
AMC,30.6200,30.7000,30.3600,30.5000,117328,09/02/16,-0.010000000000001563,-0.03277613897083436
AMC,30.2900,30.5100,30.0400,30.5100,229770,09/01/16,0.10000000000000142,0.32883919763236247
AMC,29.7000,30.4400,29.7000,30.4100,284714,08/31/16,0.5899999999999999,1.9785378940308513
AMC,29.7400,29.8900,29.7100,29.8200,109272,08/30/16,0.030000000000001137,0.10070493454179637
AMC,29.7100,29.9400,29.5000,29.7900,147941,08/29/16,0.16000000000000014,0.5399932500843745
AMC,30.1900,30.3800,29.5600,29.6300,101105,08/26/16,-0.5300000000000011,-1.7572944297082265
AMC,30.0100,30.2000,29.9500,30.1600,148743,08/25/16,0.05999999999999872,0.19933554817275323
AMC,30.0200,30.1100,29.7700,30.1000,285316,08/24/16,0.3500000000000014,1.1764705882352988
AMC,29.6700,30.1600,29.5900,29.7500,193574,08/23/16,0.08999999999999986,0.30343897505057266
AMC,29.0500,29.6700,29.0500,29.6600,261382,08/22/16,-0.25,-0.8358408559010364
AMC,30.0500,30.2800,29.7200,29.9100,166967,08/19/16,-0.17999999999999972,-0.5982053838484537
AMC,29.5800,30.1200,29.5700,30.0900,257983,08/18/16,0.4299999999999997,1.449763991908293
AMC,29.7300,29.8200,29.4800,29.6600,150811,08/17/16,-0.08999999999999986,-0.3025210084033609
AMC,29.5300,29.8500,29.5000,29.7500,241328,08/16/16,0.03999999999999915,0.1346348030965976
AMC,29.8800,29.9300,29.5000,29.7100,531190,08/15/16,-0.08999999999999986,-0.30201342281879145
AMC,29.6200,29.8100,29.4300,29.8000,265989,08/12/16,0.15000000000000213,0.5059021922428403
AMC,29.4000,29.6600,29.0700,29.6500,276820,08/11/16,0.25,0.8503401360544218
AMC,28.9200,29.4500,28.6900,29.4000,490459,08/10/16,0.5299999999999976,1.8358157256667738
AMC,29.0400,29.0400,28.6200,28.8700,371621,08/09/16,-0.05000000000000071,-0.1728907330567106
AMC,29.0000,29.2100,28.5100,28.9200,359763,08/08/16,-0.10999999999999943,-0.37891836031691156
AMC,28.9600,29.0600,28.6900,29.0300,482139,08/05/16,0.370000000000001,1.2909979064898849
AMC,28.2100,29.2700,28.1600,28.6600,697075,08/04/16,0.4299999999999997,1.5232022670917453
AMC,27.8300,28.2600,27.4400,28.2300,386069,08/03/16,0.40000000000000213,1.4372978799856349
AMC,28.5100,28.5100,27.8100,27.8300,314265,08/02/16,-0.6300000000000026,-2.2136331693605147
AMC,27.5000,29.0500,27.3600,28.4600,733602,08/01/16,-0.9600000000000009,-3.2630863358259714
AMC,29.4600,29.9100,29.1300,29.4200,396301,07/29/16,-0.10999999999999943,-0.3725025397900421
AMC,29.1000,29.5500,28.9150,29.5300,339736,07/28/16,0.2699999999999996,0.922761449077237
AMC,29.8700,30.0100,28.5901,29.2600,396971,07/27/16,-0.6799999999999997,-2.271209084836338
AMC,30.0000,30.1000,29.7500,29.9400,322461,07/26/16,0.019999999999999574,0.06684491978609483
AMC,30.5100,30.5100,29.4900,29.9200,923261,07/25/16,-0.6799999999999997,-2.222222222222221
AMC,30.0800,30.6800,29.8900,30.6000,273870,07/22/16,0.5200000000000031,1.7287234042553297
AMC,29.8900,30.4200,29.8200,30.0800,176791,07/21/16,0.019999999999999574,0.06653359946772978
AMC,30.4300,30.5200,30.0400,30.0600,159624,07/20/16,-0.4299999999999997,-1.4102984585109863
AMC,30.3600,30.6500,30.1000,30.4900,240158,07/19/16,-0.07000000000000028,-0.2290575916230376
AMC,30.6000,30.6600,30.0800,30.5600,215195,07/18/16,-0.07000000000000028,-0.22853411687887784
AMC,30.7500,30.8400,30.0000,30.6300,198332,07/15/16,0.029999999999997584,0.09803921568626661
AMC,30.8500,31.4200,30.2800,30.6000,325337,07/14/16,-0.029999999999997584,-0.09794319294808222
AMC,29.8900,30.9100,29.6800,30.6300,386655,07/13/16,0.8299999999999983,2.785234899328853
AMC,28.4800,30.2700,28.0000,29.8000,399322,07/12/16,2.030000000000001,7.310046813107674
AMC,27.5700,27.8300,27.5300,27.7700,213968,07/11/16,0.17999999999999972,0.6524102935846311
AMC,27.8100,28.0000,27.5000,27.5900,143263,07/08/16,0.0,0.0
AMC,27.2100,27.6700,27.2100,27.5900,76114,07/07/16,0.4800000000000004,1.7705643673921079
AMC,27.1400,27.4300,26.9700,27.1100,74978,07/06/16,-0.3000000000000007,-1.0944910616563324
AMC,28.0000,28.0000,27.1000,27.4100,108090,07/05/16,-0.7800000000000011,-2.7669386307201176
AMC,27.6800,28.2600,27.3500,28.1900,212053,07/01/16,0.5800000000000018,2.1006881564650555
AMC,27.4300,27.8400,27.2100,27.6100,196820,06/30/16,0.18999999999999773,0.6929248723559362
AMC,26.7000,27.5300,26.7000,27.4200,152206,06/29/16,0.9100000000000001,3.432666918144097
AMC,26.3900,26.6750,26.2300,26.5100,283505,06/28/16,0.490000000000002,1.883166794773259
AMC,26.5900,26.5900,25.7500,26.0200,247804,06/27/16,-0.9200000000000017,-3.414996288047519
AMC,26.3500,26.9700,26.2500,26.9400,306154,06/24/16,-0.29999999999999716,-1.1013215859030734
AMC,27.2600,27.5700,27.1400,27.2400,93818,06/23/16,0.3099999999999987,1.151132565911618
AMC,27.0400,27.4900,26.8800,26.9300,87509,06/22/16,-0.1700000000000017,-0.6273062730627369
AMC,27.3700,27.6000,26.6800,27.1000,84688,06/21/16,-0.29999999999999716,-1.094890510948895
AMC,27.4800,27.7200,27.3980,27.4000,109835,06/20/16,0.34999999999999787,1.2939001848428757
AMC,27.3100,27.7800,26.9700,27.0500,215769,06/17/16,-0.17999999999999972,-0.6610356224752101
AMC,27.4600,27.4700,26.6630,27.2300,186812,06/16/16,0.370000000000001,1.377513030528671
AMC,26.6200,27.0000,26.4400,26.8600,125017,06/15/16,0.28000000000000114,1.0534236267870623
AMC,26.5100,27.0200,26.4300,26.5800,222845,06/14/16,0.04999999999999716,0.18846588767432024
AMC,27.1600,27.2600,26.3300,26.5300,182100,06/13/16,-0.41000000000000014,-1.5219005196733486
AMC,27.4400,27.5000,26.8200,26.9400,200733,06/10/16,-0.879999999999999,-3.1631919482386737
AMC,27.7400,27.8500,27.4850,27.8200,101325,06/09/16,-0.0799999999999983,-0.28673835125447417
AMC,28.0500,28.1000,27.7800,27.9000,152437,06/08/16,-0.010000000000001563,-0.03582945180939292
AMC,28.0700,28.1000,27.8900,27.9100,181990,06/07/16,-0.28000000000000114,-0.9932600212841473
AMC,28.6900,28.7000,28.1300,28.1900,158840,06/06/16,-0.389999999999997,-1.3645906228131457
AMC,28.9800,28.9800,28.3500,28.5800,138542,06/03/16,-0.41000000000000014,-1.4142807864780964
AMC,28.6900,28.9900,28.5100,28.9900,231181,06/02/16,0.05999999999999872,0.20739716557206608
AMC,28.6000,28.9800,28.1350,28.9300,243640,06/01/16,0.19000000000000128,0.6610995128740477
AMC,29.2100,29.2800,28.6000,28.7400,146799,05/31/16,-0.38000000000000256,-1.3049450549450636
AMC,28.5000,29.1600,28.5000,29.1200,143104,05/27/16,0.5899999999999999,2.0679985979670517
AMC,28.4900,28.8900,28.4500,28.5300,137050,05/26/16,0.05000000000000071,0.17556179775281147
AMC,28.6400,28.7500,28.2500,28.4800,198906,05/25/16,-0.17999999999999972,-0.6280530355896711
AMC,28.2700,28.8200,28.1539,28.6600,173999,05/24/16,0.5100000000000016,1.8117229129662578
AMC,28.1900,28.6050,28.0000,28.1500,137950,05/23/16,-0.08000000000000185,-0.2833864682961454
AMC,28.0300,28.3200,27.8400,28.2300,285275,05/20/16,0.1999999999999993,0.7135212272565084
AMC,28.7900,28.8600,27.9000,28.0300,191275,05/19/16,-0.8699999999999974,-3.0103806228373617
AMC,29.2400,29.4100,28.7300,28.9000,160139,05/18/16,-0.41000000000000014,-1.3988399863527812
AMC,29.4000,29.5400,29.2300,29.3100,228700,05/17/16,-0.019999999999999574,-0.06818956699624812
AMC,29.3100,29.4900,28.8450,29.3300,155404,05/16/16,0.019999999999999574,0.06823609689525614
AMC,29.2000,29.3600,28.9650,29.3100,151021,05/13/16,0.0799999999999983,0.2736914129319134
AMC,29.7500,29.8200,28.9700,29.2300,106495,05/12/16,-0.41999999999999815,-1.4165261382799264
AMC,29.8400,30.3100,29.5100,29.6500,236086,05/11/16,-0.28000000000000114,-0.935516204477117
AMC,29.2200,29.9500,29.1500,29.9300,189505,05/10/16,0.7800000000000011,2.6758147512864534
AMC,29.1500,29.2900,28.7001,29.1500,232170,05/09/16,0.0,0.0
AMC,28.8500,29.6800,28.5000,29.1500,159859,05/06/16,0.2799999999999976,0.9698649116730086
AMC,28.9400,29.1300,28.7000,28.8700,175196,05/05/16,0.10999999999999943,0.38247566063977545
AMC,28.2500,28.8900,28.2300,28.7600,248216,05/04/16,0.23000000000000043,0.8061689449702083
AMC,28.6000,28.9000,28.4480,28.5300,274998,05/03/16,-0.35999999999999943,-1.2461059190031132
AMC,28.1900,29.1800,27.6600,28.8900,323921,05/02/16,0.7100000000000009,2.5195173882185977
AMC,29.5000,29.5000,26.0750,28.1800,628853,04/29/16,-0.05000000000000071,-0.1771165426850893
AMC,28.2500,28.4600,28.0200,28.2300,407647,04/28/16,0.21999999999999886,0.785433773652263
AMC,27.6600,28.2700,27.3300,28.0100,214357,04/27/16,0.5899999999999999,2.151714077315827
AMC,27.1200,27.5500,26.6500,27.4200,268674,04/26/16,0.43000000000000327,1.5931826602445471
AMC,27.0600,27.2200,26.7400,26.9900,388343,04/25/16,-0.4700000000000024,-1.7115804806992077
AMC,27.5800,27.7500,27.1000,27.4600,202737,04/22/16,0.0,0.0
AMC,27.8700,28.2499,27.2400,27.4600,173530,04/21/16,-0.3099999999999987,-1.1163125675189007
AMC,27.9600,28.1700,27.5100,27.7700,142705,04/20/16,0.019999999999999574,0.07207207207207053
AMC,28.3700,28.6100,27.6800,27.7500,118080,04/19/16,-0.46999999999999886,-1.6654854712969485
AMC,27.4000,28.2300,27.4000,28.2200,144912,04/18/16,0.6499999999999986,2.3576351106274887
AMC,27.9000,28.1299,27.5400,27.5700,88496,04/15/16,-0.28999999999999915,-1.040918880114857
AMC,28.0600,28.1100,27.6200,27.8600,194729,04/14/16,-0.3000000000000007,-1.0653409090909116
AMC,27.6600,28.3300,27.5685,28.1600,188718,04/13/16,0.7699999999999996,2.8112449799196773
AMC,26.9500,27.6600,26.8700,27.3900,157084,04/12/16,0.4400000000000013,1.6326530612244945
AMC,27.6100,27.6700,26.8800,26.9500,193057,04/11/16,-0.41000000000000014,-1.498538011695907
AMC,27.4800,27.6201,27.0200,27.3600,101005,04/08/16,0.05999999999999872,0.21978021978021509
AMC,28.0300,28.2100,27.0000,27.3000,171773,04/07/16,-0.8200000000000003,-2.9160739687055486
AMC,27.6400,28.1700,27.5300,28.1200,154106,04/06/16,0.6000000000000014,2.18023255813954
AMC,27.5700,27.9019,27.2700,27.5200,123219,04/05/16,-0.3099999999999987,-1.1139058569888565
AMC,28.6800,28.7100,27.6800,27.8300,219431,04/04/16,-0.8100000000000023,-2.828212290502801
AMC,27.8600,28.7400,27.5700,28.6400,273486,04/01/16,0.6500000000000021,2.322257949267603
AMC,28.3300,28.6250,27.9200,27.9900,210516,03/31/16,-0.370000000000001,-1.3046544428772955
AMC,28.2000,28.6100,27.8500,28.3600,259341,03/30/16,-0.5899999999999999,-2.037996545768566
AMC,28.6900,29.0500,28.1700,28.9500,215855,03/29/16,0.21999999999999886,0.7657500870170514
AMC,28.3200,29.0000,28.1800,28.7300,225020,03/28/16,0.6700000000000017,2.3877405559515386
AMC,27.8700,28.1000,27.2800,28.0600,200176,03/24/16,0.08999999999999986,0.32177332856632057
AMC,28.6400,29.0000,27.9300,27.9700,229926,03/23/16,-0.38000000000000256,-1.3403880070546828
AMC,28.8100,28.9500,27.9500,28.3500,347144,03/22/16,-0.5,-1.7331022530329288
AMC,29.3200,29.5000,28.7700,28.8500,207747,03/21/16,-0.5599999999999987,-1.904114246854807
AMC,29.1000,29.4800,28.8700,29.4100,659588,03/18/16,0.4299999999999997,1.4837819185645262
AMC,28.9500,29.2800,28.8000,28.9800,377673,03/17/16,-0.019999999999999574,-0.06896551724137784
AMC,28.7600,29.2900,28.7600,29.0000,383717,03/16/16,0.120000000000001,0.4155124653739647
AMC,29.3000,29.4500,28.7245,28.8800,259331,03/15/16,-0.5100000000000016,-1.7352841102415841
AMC,29.4300,29.9200,29.3800,29.3900,187342,03/14/16,-0.14999999999999858,-0.5077860528097446
AMC,29.2100,29.7190,28.7500,29.5400,299364,03/11/16,0.5899999999999999,2.037996545768566
AMC,28.5100,29.0500,28.0100,28.9500,242591,03/10/16,0.509999999999998,1.7932489451476723
AMC,28.5300,28.8800,28.2100,28.4400,308899,03/09/16,0.05000000000000071,0.17611835153223215
AMC,28.4600,28.8400,28.3000,28.3900,485995,03/08/16,-0.28999999999999915,-1.0111576011157573
AMC,26.9900,28.7400,26.8400,28.6800,433466,03/07/16,1.6600000000000001,6.14359733530718
AMC,26.4000,27.2400,25.4000,27.0200,1.26 M,03/04/16,1.3200000000000003,5.136186770428017
AMC,25.2400,25.7800,25.1330,25.7000,264502,03/03/16,0.34999999999999787,1.3806706114398337
AMC,24.9400,25.3900,24.6201,25.3500,177327,03/02/16,0.4700000000000024,1.8890675241157655
AMC,24.0300,25.4100,23.9800,24.8800,383933,03/01/16,0.8499999999999979,3.537245110278809
AMC,24.6800,25.2400,22.2000,24.0300,701528,02/29/16,0.7300000000000004,3.1330472103004308
AMC,22.5900,23.4600,22.5900,23.3000,275658,02/26/16,0.8300000000000018,3.6938139741878144
AMC,22.6100,22.6600,21.8000,22.4700,191957,02/25/16,-0.08000000000000185,-0.3547671840354849
AMC,21.9000,22.6700,21.5021,22.5500,137590,02/24/16,0.5100000000000016,2.31397459165155
AMC,22.2500,22.4600,21.9000,22.0400,222573,02/23/16,-0.240000000000002,-1.0771992818671543
AMC,22.0200,22.4800,21.9100,22.2800,162088,02/22/16,0.41000000000000014,1.8747142203932332
AMC,21.5600,21.9100,21.0900,21.8700,127447,02/19/16,0.17999999999999972,0.8298755186721978
AMC,21.8200,21.9400,21.0100,21.6900,187159,02/18/16,-0.029999999999997584,-0.13812154696131484
AMC,22.6000,23.0100,21.7000,21.7200,273180,02/17/16,-0.7100000000000009,-3.165403477485514
AMC,20.6500,22.6000,20.6500,22.4300,331509,02/16/16,1.9699999999999989,9.628543499511235
AMC,20.8900,20.8900,19.6900,20.4600,434623,02/12/16,-0.3000000000000007,-1.4450867052023155
AMC,19.7300,20.8000,19.5101,20.7600,153246,02/11/16,0.6700000000000017,3.3349925335988138
AMC,20.1600,20.9400,19.9900,20.0900,166067,02/10/16,0.030000000000001137,0.14955134596211933
AMC,19.9100,20.5000,19.6800,20.0600,170200,02/09/16,-0.19000000000000128,-0.9382716049382779
AMC,20.0600,20.7800,19.2800,20.2500,333639,02/08/16,-0.019999999999999574,-0.0986679822397611
AMC,21.8900,21.9800,20.0400,20.2700,412100,02/05/16,-1.3399999999999999,-6.200832947709394
AMC,21.0600,21.7800,21.0600,21.6100,253670,02/04/16,0.5799999999999983,2.757964812173078
AMC,21.0100,21.1500,20.5300,21.0300,147243,02/03/16,0.17999999999999972,0.8633093525179842
AMC,21.0700,21.1900,20.4400,20.8500,225446,02/02/16,-0.46999999999999886,-2.2045028142589063
AMC,21.6600,21.6600,20.9900,21.3200,153822,02/01/16,-0.4800000000000004,-2.201834862385323
AMC,20.7000,21.8000,20.6901,21.8000,223588,01/29/16,1.0600000000000023,5.110896817743503
AMC,20.9200,21.0400,20.5000,20.7400,131262,01/28/16,-0.18000000000000327,-0.8604206500956179
AMC,21.7200,21.7200,20.8700,20.9200,352331,01/27/16,-0.9199999999999982,-4.212454212454204
AMC,20.8300,21.8500,20.6100,21.8400,210096,01/26/16,1.75,8.710801393728223
AMC,20.2000,20.2900,19.8600,20.0900,128843,01/25/16,-0.10999999999999943,-0.5445544554455417
AMC,20.5000,20.6800,20.0100,20.2000,203333,01/22/16,0.05999999999999872,0.29791459781528656
AMC,20.3300,20.5700,20.0100,20.1400,154712,01/21/16,-0.120000000000001,-0.592300098716688
AMC,20.5400,20.5500,19.6600,20.2600,205496,01/20/16,-0.6499999999999986,-3.1085604973696728
AMC,21.1300,21.4700,20.7100,20.9100,213286,01/19/16,-0.03999999999999915,-0.19093078758949475
AMC,21.0700,21.3600,20.4800,20.9500,500396,01/15/16,-0.620000000000001,-2.874362540565605
AMC,21.9200,22.0400,21.2800,21.5700,255397,01/14/16,-0.25,-1.1457378551787352
AMC,22.4200,22.6400,21.6500,21.8200,277271,01/13/16,-0.5399999999999991,-2.415026833631481
AMC,22.5000,22.7100,22.1200,22.3600,378015,01/12/16,0.07000000000000028,0.3140421713773005
AMC,22.4500,22.8400,22.2400,22.2900,527056,01/11/16,-0.08999999999999986,-0.40214477211796185
AMC,22.7500,22.9800,22.3000,22.3800,293725,01/08/16,-0.240000000000002,-1.0610079575596905
AMC,22.7100,23.0702,22.4500,22.6200,496934,01/07/16,-0.5799999999999983,-2.499999999999993
AMC,23.0300,23.8600,23.0300,23.2000,313477,01/06/16,-0.240000000000002,-1.0238907849829435
AMC,23.2500,23.8200,23.0100,23.4400,550587,01/05/16,0.2699999999999996,1.1652999568407405
AMC,23.6700,23.7600,22.6800,23.1700,458521,01/04/16,-0.8299999999999983,-3.4583333333333264
AMC,23.6200,24.2000,23.5000,24.0000,228484,12/31/15,0.33999999999999986,1.4370245139475903
AMC,23.3800,23.8700,23.3200,23.6600,247200,12/30/15,0.21999999999999886,0.938566552901019
AMC,23.1800,23.5500,22.9800,23.4400,290079,12/29/15,0.41000000000000014,1.7802865827181942
AMC,23.0000,23.2600,22.7600,23.0300,420786,12/28/15,-0.21999999999999886,-0.9462365591397801
AMC,23.5000,23.5150,23.1500,23.2500,228149,12/24/15,-0.23000000000000043,-0.9795570698466798
AMC,24.6100,24.6100,23.4500,23.4800,335497,12/23/15,-1.0899999999999999,-4.436304436304436
AMC,24.2500,24.7400,23.6700,24.5700,223095,12/22/15,0.4299999999999997,1.781275890637944
AMC,24.9300,24.9823,23.9300,24.1400,211802,12/21/15,-0.6400000000000006,-2.582728006456822
AMC,25.0000,25.5300,24.3800,24.7800,476245,12/18/15,-0.35999999999999943,-1.4319809069212388
AMC,25.6800,25.8700,24.8000,25.1400,481551,12/17/15,-0.259999999999998,-1.0236220472440867
AMC,24.5000,25.5200,24.3700,25.4000,371961,12/16/15,1.2699999999999996,5.263157894736841
AMC,23.2300,24.3100,23.2300,24.1300,242644,12/15/15,1.2199999999999989,5.325185508511562
AMC,23.0900,23.4100,22.4100,22.9100,173024,12/14/15,-0.16999999999999815,-0.7365684575389868
AMC,23.2900,23.6500,22.9200,23.0800,375101,12/11/15,-0.5,-2.1204410517387617
AMC,23.1000,23.7100,22.8400,23.5800,157808,12/10/15,0.48999999999999844,2.122130792550881
AMC,23.5500,23.6900,22.6800,23.0900,204923,12/09/15,-0.4800000000000004,-2.036487059821809
AMC,23.1600,23.9000,22.7500,23.5700,211452,12/08/15,0.17999999999999972,0.7695596408721663
AMC,23.4200,23.5600,22.3750,23.3900,414500,12/07/15,-0.34999999999999787,-1.4743049705138918
AMC,24.5500,24.7250,23.6900,23.7400,188329,12/04/15,-0.860000000000003,-3.4959349593496056
AMC,24.7000,24.8000,24.1200,24.6000,185178,12/03/15,-0.25,-1.0060362173038229
AMC,25.4400,25.4800,24.7100,24.8500,168749,12/02/15,-0.5899999999999999,-2.3191823899371062
AMC,25.4900,25.8075,25.1300,25.4400,128530,12/01/15,0.030000000000001137,0.11806375442739526
AMC,24.9400,25.5200,24.8100,25.4100,293702,11/30/15,0.35999999999999943,1.4371257485029918
AMC,25.3100,25.4800,24.9400,25.0500,65160,11/27/15,-0.21000000000000085,-0.8313539192399083
AMC,24.9200,25.4800,24.7400,25.2600,213730,11/25/15,0.38000000000000256,1.5273311897106212
AMC,24.9600,25.0500,24.6300,24.8800,189052,11/24/15,-0.240000000000002,-0.9554140127388614
AMC,25.6600,25.7100,24.9500,25.1200,248094,11/23/15,-0.4299999999999997,-1.6829745596868873
AMC,25.7800,25.9600,25.4400,25.5500,105693,11/20/15,-0.10999999999999943,-0.42868277474668526
AMC,26.0900,26.2100,25.3600,25.6600,144997,11/19/15,-0.48999999999999844,-1.8738049713193057
AMC,25.9000,26.4900,25.5800,26.1500,307553,11/18/15,0.25,0.9652509652509653
AMC,26.1100,26.2400,25.7700,25.9000,169940,11/17/15,-0.240000000000002,-0.9181331293037567
AMC,26.1900,26.2300,25.8000,26.1400,123218,11/16/15,-0.120000000000001,-0.45696877380046075
AMC,26.5200,26.6700,26.0900,26.2600,113410,11/13/15,-0.3999999999999986,-1.500375093773438
AMC,26.8800,27.2200,26.1800,26.6600,117884,11/12/15,-0.41999999999999815,-1.5509601181683832
AMC,27.3900,27.5300,27.0200,27.0800,121547,11/11/15,-0.22000000000000242,-0.8058608058608147
AMC,26.7200,27.4600,26.6200,27.3000,205255,11/10/15,0.5399999999999991,2.017937219730938
AMC,27.0000,27.1800,26.5200,26.7600,256117,11/09/15,-0.31999999999999673,-1.1816838995568566
AMC,26.3000,27.5000,26.1225,27.0800,319641,11/06/15,0.6999999999999993,2.653525398028807
AMC,27.1800,27.1800,25.8900,26.3800,346655,11/05/15,0.5399999999999991,2.0897832817337427
AMC,26.5000,26.5300,25.1800,25.8400,475501,11/04/15,-0.6799999999999997,-2.564102564102563
AMC,27.2300,27.5600,24.6901,26.5200,719639,11/03/15,-0.9800000000000004,-3.5636363636363653
AMC,27.4400,27.7100,27.2050,27.5000,403934,11/02/15,0.129999999999999,0.47497259773474243
AMC,27.3300,27.5700,27.1000,27.3700,223264,10/30/15,0.05000000000000071,0.1830161054172793
AMC,27.3900,27.5500,26.8600,27.3200,136429,10/29/15,-0.07000000000000028,-0.25556772544724454
AMC,26.3400,27.8000,26.2260,27.3900,267068,10/28/15,1.1799999999999997,4.502098435711559
AMC,26.4000,26.4000,25.6500,26.2100,241077,10/27/15,-0.379999999999999,-1.4291086874764911
AMC,26.7600,26.8500,26.3500,26.5900,109668,10/26/15,-0.08999999999999986,-0.3373313343328331
AMC,26.2800,26.8500,25.8700,26.6800,137056,10/23/15,0.6799999999999997,2.615384615384614
AMC,25.5800,26.4100,25.2000,26.0000,148587,10/22/15,0.5100000000000016,2.000784621420171
AMC,26.5300,26.6000,25.2800,25.4900,192071,10/21/15,-0.9500000000000028,-3.593040847201221
AMC,27.0700,27.0700,26.0100,26.4400,225536,10/20/15,-0.759999999999998,-2.7941176470588163
AMC,26.6600,27.3200,26.6201,27.2000,155303,10/19/15,0.379999999999999,1.41685309470544
AMC,27.2200,27.2200,26.6400,26.8200,108516,10/16/15,-0.33999999999999986,-1.2518409425625916
AMC,26.9700,27.3300,26.1100,27.1600,450194,10/15/15,0.17999999999999972,0.6671608598962183
AMC,27.1700,27.4000,26.6500,26.9800,168693,10/14/15,-0.19000000000000128,-0.6993006993007039
AMC,27.1400,28.1700,27.1000,27.1700,165004,10/13/15,-0.16999999999999815,-0.621799561082656
AMC,27.2700,27.4800,26.8500,27.3400,182729,10/12/15,0.129999999999999,0.4777655273796362
AMC,27.2400,27.7300,26.8700,27.2100,295308,10/09/15,-0.11999999999999744,-0.4390779363336899
AMC,26.6100,27.3900,26.4200,27.3300,337383,10/08/15,0.5799999999999983,2.168224299065414
AMC,26.3100,26.7600,26.1400,26.7500,133693,10/07/15,0.5700000000000003,2.1772345301757077
AMC,25.7100,26.4300,25.7100,26.1800,215691,10/06/15,0.4800000000000004,1.8677042801556438
AMC,25.2900,26.0900,25.0900,25.7000,151618,10/05/15,0.48999999999999844,1.9436731455771457
AMC,24.3800,25.2900,24.3300,25.2100,228587,10/02/15,0.3200000000000003,1.2856568903173977
AMC,25.2400,25.3400,24.4700,24.8900,158181,10/01/15,-0.3000000000000007,-1.1909487892020671
AMC,24.5500,25.2500,24.5500,25.1900,182066,09/30/15,0.9200000000000017,3.7906880922950217
AMC,24.4600,24.8000,23.9600,24.2700,174894,09/29/15,-0.19000000000000128,-0.7767784137367182
AMC,25.4600,25.4600,24.4000,24.4600,199641,09/28/15,-1.0299999999999976,-4.040800313848559
AMC,25.8100,25.8200,25.3200,25.4900,217554,09/25/15,-0.13000000000000256,-0.507416081186583
AMC,25.1200,25.8400,25.1000,25.6200,290775,09/24/15,0.4299999999999997,1.707026597856291
AMC,25.9200,26.4100,25.0200,25.1900,186087,09/23/15,-0.6799999999999997,-2.6285272516428284
AMC,26.8500,26.9980,25.7000,25.8700,129499,09/22/15,-1.3200000000000003,-4.854726002206695
AMC,28.1400,28.2900,27.0200,27.1900,203944,09/21/15,-0.7999999999999972,-2.8581636298678
AMC,27.3400,28.0400,27.1100,27.9900,308222,09/18/15,0.379999999999999,1.376312930097787
AMC,27.9000,27.9200,27.3300,27.6100,88433,09/17/15,0.4299999999999997,1.5820456217807202
AMC,27.1500,27.5199,26.9300,27.1800,84560,09/16/15,0.05999999999999872,0.2212389380530926
AMC,26.9400,27.2100,26.7000,27.1200,100930,09/15/15,0.17999999999999972,0.6681514476614688
AMC,26.9300,27.2200,26.6700,26.9400,96978,09/14/15,0.010000000000001563,0.03713330857780009
AMC,26.9100,27.0000,26.4300,26.9300,162912,09/11/15,-0.1999999999999993,-0.737191301142644
AMC,27.2200,27.2900,26.5200,27.1300,180183,09/10/15,-0.030000000000001137,-0.11045655375552701
AMC,28.2900,28.3400,27.1600,27.1600,161318,09/09/15,-0.75,-2.687208885704049
AMC,28.4100,28.5500,27.7200,27.9100,145492,09/08/15,0.1999999999999993,0.721761097076865
AMC,27.1400,27.9500,26.9885,27.7100,167990,09/04/15,0.28000000000000114,1.0207801676996031
AMC,27.8200,28.1600,27.0600,27.4300,297781,09/03/15,-0.46999999999999886,-1.6845878136200676
AMC,27.9800,27.9800,27.5000,27.9000,223888,09/02/15,0.18999999999999773,0.685673042223016
AMC,28.5600,28.7500,27.6500,27.7100,242914,09/01/15,-1.2699999999999996,-4.382332643202207
AMC,28.9600,29.2850,28.8300,28.9800,174011,08/31/15,-0.030000000000001137,-0.1034126163391973
AMC,28.8200,29.3400,28.6601,29.0100,141366,08/28/15,0.15000000000000213,0.5197505197505271
AMC,29.0100,29.3700,28.5600,28.8600,162889,08/27/15,0.08999999999999986,0.31282586027111525
AMC,28.9700,28.9700,28.1100,28.7700,202255,08/26/15,0.3099999999999987,1.0892480674631015
AMC,28.8600,28.8800,28.0900,28.4600,413012,08/25/15,0.46000000000000085,1.642857142857146
AMC,27.6000,29.0650,26.9050,28.0000,652641,08/24/15,-1.2699999999999996,-4.338913563375469
AMC,29.3100,29.9100,28.7000,29.2700,571265,08/21/15,-0.5300000000000011,-1.7785234899328897
AMC,30.6100,30.7300,29.7700,29.8000,750863,08/20/15,-1.1999999999999993,-3.8709677419354818
AMC,30.3800,31.2000,30.1900,31.0000,325614,08/19/15,0.41000000000000014,1.340307289964041
AMC,30.7600,30.7600,30.4500,30.5900,256065,08/18/15,-0.1700000000000017,-0.5526657997399275
AMC,29.2800,30.7900,29.1500,30.7600,389879,08/17/15,1.3000000000000007,4.412763068567551
AMC,28.9700,29.5000,28.8660,29.4600,204875,08/14/15,0.39000000000000057,1.3415892672858636
AMC,28.0100,29.4100,27.7200,29.0700,446643,08/13/15,0.7100000000000009,2.5035260930888605
AMC,28.1700,28.7400,28.0834,28.3600,405141,08/12/15,0.0799999999999983,0.28288543140027683
AMC,29.5200,29.7600,28.0770,28.2800,357584,08/11/15,-1.4199999999999982,-4.781144781144776
AMC,29.7900,29.8900,29.2700,29.7000,294493,08/10/15,0.10999999999999943,0.37174721189590887
AMC,29.3700,30.1800,29.3600,29.5900,357362,08/07/15,0.120000000000001,0.40719375636240585
AMC,30.7500,31.1000,28.8700,29.4700,499270,08/06/15,-1.0899999999999999,-3.5667539267015704
AMC,31.7000,32.0200,30.2300,30.5600,264725,08/05/15,-1.0300000000000011,-3.2605254827477084
AMC,32.2000,32.2500,31.4500,31.5900,142397,08/04/15,-0.5800000000000018,-1.802921976997208
AMC,32.4200,32.4500,31.8200,32.1700,189200,08/03/15,-0.0799999999999983,-0.2480620155038707
AMC,31.8900,32.3500,31.6560,32.2500,305261,07/31/15,0.5599999999999987,1.7671189649731736
AMC,30.7400,32.2900,30.5000,31.6900,576899,07/30/15,1.2600000000000016,4.140650673677297
AMC,30.0300,30.5494,29.7500,30.4300,378297,07/29/15,0.5,1.670564650851988
AMC,31.0200,31.0200,29.1600,29.9300,1.04 M,07/28/15,-0.8200000000000003,-2.6666666666666674
AMC,30.5500,31.0700,30.3200,30.7500,146221,07/27/15,-0.3000000000000007,-0.9661835748792293
AMC,32.1600,32.4400,30.8000,31.0500,268700,07/24/15,-1.1600000000000001,-3.6013660353927355
AMC,32.3400,32.8600,32.1200,32.2100,259484,07/23/15,-0.11999999999999744,-0.37117228580265216
AMC,31.9000,32.6600,31.8300,32.3300,251010,07/22/15,0.4399999999999977,1.3797428661022193
AMC,32.7500,32.7700,31.7800,31.8900,299724,07/21/15,-1.009999999999998,-3.0699088145896596
AMC,32.8100,32.9900,32.3400,32.9000,203419,07/20/15,0.0799999999999983,0.24375380865325502
AMC,32.6400,32.8700,32.3850,32.8200,144225,07/17/15,0.21000000000000085,0.6439742410303614
AMC,32.7600,32.8310,32.2700,32.6100,169328,07/16/15,0.10999999999999943,0.3384615384615367
AMC,32.6000,32.7800,31.8200,32.5000,219300,07/15/15,-0.14000000000000057,-0.42892156862745273
AMC,32.0000,32.8300,31.8401,32.6400,306320,07/14/15,0.8000000000000007,2.512562814070354
AMC,31.5100,31.8600,31.5100,31.8400,185829,07/13/15,0.48999999999999844,1.5629984051036632
AMC,30.9000,31.4100,30.8600,31.3500,234440,07/10/15,0.7200000000000024,2.3506366307541704
AMC,30.7900,31.0000,30.4800,30.6300,126741,07/09/15,0.16000000000000014,0.5251066622907783
AMC,30.5200,30.8300,30.2000,30.4700,131506,07/08/15,-0.38000000000000256,-1.2317666126418234
AMC,30.8000,31.0000,30.0500,30.8500,205981,07/07/15,0.240000000000002,0.7840574975498268
AMC,30.4900,31.0500,30.3200,30.6100,142192,07/06/15,-0.1700000000000017,-0.5523066926575754
AMC,31.0000,31.2800,30.2000,30.7800,173528,07/02/15,0.40000000000000213,1.3166556945358858
AMC,30.9400,31.1000,30.2500,30.3800,280789,07/01/15,-0.3000000000000007,-0.9778357235984377
AMC,30.7700,30.8300,30.2400,30.6800,295385,06/30/15,0.23999999999999844,0.788436268068326
AMC,31.8100,31.8150,30.1900,30.4400,365786,06/29/15,-1.1999999999999993,-3.7926675094816664
AMC,30.3700,31.7900,30.2160,31.6400,594337,06/26/15,1.3599999999999994,4.491413474240421
AMC,30.1600,30.3300,29.5600,30.2800,189995,06/25/15,0.15000000000000213,0.49784268171258594
AMC,30.3600,30.4800,29.8200,30.1300,120839,06/24/15,-0.2900000000000027,-0.9533201840894237
AMC,30.5500,30.5500,30.1900,30.4200,157727,06/23/15,-0.129999999999999,-0.42553191489361375
AMC,30.2300,30.8800,29.9400,30.5500,224230,06/22/15,0.4499999999999993,1.4950166112956786
AMC,29.6800,30.2400,29.5600,30.1000,282097,06/19/15,0.5200000000000031,1.7579445571332089
AMC,28.8700,30.2900,28.6400,29.5800,674072,06/18/15,1.5699999999999967,5.6051410210638934
AMC,28.5400,28.8000,28.0100,28.0100,210487,06/17/15,-0.4599999999999973,-1.6157358623111953
AMC,28.8500,28.8800,28.4200,28.4700,230249,06/16/15,-0.40000000000000213,-1.3855213023900317
AMC,28.2200,28.9300,27.9000,28.8700,446284,06/15/15,0.40000000000000213,1.4049877063575769
AMC,28.4200,28.5500,28.1500,28.4700,161410,06/12/15,-0.10000000000000142,-0.35001750087504874
AMC,28.0700,28.8100,28.0240,28.5700,158251,06/11/15,0.3500000000000014,1.2402551381998634
AMC,28.5900,28.5900,28.0800,28.2200,232832,06/10/15,-0.2900000000000027,-1.0171869519466947
AMC,28.4200,28.6250,27.9500,28.5100,248378,06/09/15,0.120000000000001,0.4226840436773547
AMC,28.7500,28.8600,28.0400,28.3900,200424,06/08/15,-0.4399999999999977,-1.5261879986125486
AMC,28.3900,28.9200,27.8400,28.8300,237786,06/05/15,0.5899999999999999,2.0892351274787533
AMC,28.2400,28.2950,27.9800,28.2400,157281,06/04/15,-0.20000000000000284,-0.7032348804500803
AMC,27.9900,28.5500,27.9900,28.4400,249289,06/03/15,0.5700000000000003,2.0452099031216373
AMC,27.5900,28.1400,27.5900,27.8700,500256,06/02/15,-0.129999999999999,-0.46428571428571075
AMC,28.6800,28.6900,27.0900,28.0000,742446,06/01/15,-0.9100000000000001,-3.14769975786925
AMC,29.1800,29.1800,28.5800,28.9100,262947,05/29/15,-0.33999999999999986,-1.1623931623931618
AMC,29.1400,29.3600,28.7000,29.2500,136011,05/28/15,-0.010000000000001563,-0.03417634996582899
AMC,29.5900,29.7500,29.2300,29.2600,207695,05/27/15,-0.259999999999998,-0.8807588075880691
AMC,29.5900,29.7000,29.1375,29.5200,170203,05/26/15,-0.08000000000000185,-0.2702702702702765
AMC,29.3700,29.6500,29.0100,29.6000,170031,05/22/15,0.23000000000000043,0.7831120190670767
AMC,29.4500,29.6900,29.1900,29.3700,142805,05/21/15,-0.08999999999999986,-0.3054989816700606
AMC,29.4700,29.5400,29.0000,29.4600,122025,05/20/15,0.060000000000002274,0.20408163265306897
AMC,29.7500,30.0600,29.2700,29.4000,174879,05/19/15,-0.5,-1.6722408026755853
AMC,29.0400,30.0700,29.0400,29.9000,226431,05/18/15,0.7899999999999991,2.7138440398488464
AMC,29.3400,29.3700,28.9300,29.1100,201433,05/15/15,-0.3500000000000014,-1.1880515953835757
AMC,29.3900,29.7300,28.9100,29.4600,392164,05/14/15,0.07000000000000028,0.2381762504253157
AMC,29.2400,29.4200,29.0400,29.3900,173366,05/13/15,0.379999999999999,1.309893140296446
AMC,29.8500,29.8500,28.5650,29.0100,247138,05/12/15,-0.9599999999999973,-3.2032032032031945
AMC,29.6600,30.3200,29.6600,29.9700,175814,05/11/15,0.3099999999999987,1.0451786918408588
AMC,30.0400,30.2400,29.6500,29.6600,155031,05/08/15,-0.16999999999999815,-0.5698960777740468
AMC,29.2900,29.9200,29.2900,29.8300,291624,05/07/15,0.28999999999999915,0.9817197020988462
AMC,29.9800,30.0000,29.2200,29.5400,197367,05/06/15,-0.4299999999999997,-1.4347681014347673
AMC,30.5900,30.5900,29.7450,29.9700,296758,05/05/15,-0.5199999999999996,-1.7054772056411924
AMC,30.8700,30.8700,29.7400,30.4900,409065,05/04/15,-0.26000000000000156,-0.8455284552845579
AMC,30.2500,30.8600,30.1050,30.7500,426486,05/01/15,0.6900000000000013,2.295409181636731
AMC,32.1000,32.1200,29.2800,30.0600,1.01 M,04/30/15,-2.4400000000000013,-7.507692307692311
AMC,32.2200,32.8900,32.1400,32.5000,243654,04/29/15,0.11999999999999744,0.37059913526867644
AMC,32.0500,32.7850,31.8900,32.3800,434229,04/28/15,0.3400000000000034,1.061173533083656
AMC,32.8700,33.2500,31.5900,32.0400,382315,04/27/15,-0.8299999999999983,-2.525098874353509
AMC,32.9800,33.2000,32.6400,32.8700,138916,04/24/15,-0.10000000000000142,-0.30330603579011656
AMC,33.0000,33.1100,32.5200,32.9700,178302,04/23/15,0.07000000000000028,0.21276595744680937
AMC,33.2600,33.2600,32.7400,32.9000,95043,04/22/15,-0.46999999999999886,-1.408450704225349
AMC,33.8000,33.9100,33.1100,33.3700,103351,04/21/15,-0.3200000000000003,-0.9498367468091431
AMC,32.8800,33.7000,32.7700,33.6900,163487,04/20/15,0.8900000000000006,2.7134146341463437
AMC,32.9800,33.1600,32.0600,32.8000,354315,04/17/15,-0.5600000000000023,-1.6786570743405345
AMC,33.8600,34.0000,33.3100,33.3600,90269,04/16/15,-0.5499999999999972,-1.6219404305514515
AMC,34.0000,34.5050,33.8600,33.9100,77985,04/15/15,0.21999999999999886,0.6530127634312819
AMC,33.7700,33.9700,33.2900,33.6900,236334,04/14/15,0.25,0.7476076555023924
AMC,33.4200,33.6830,32.6500,33.4400,446705,04/13/15,-0.6600000000000037,-1.9354838709677527
AMC,34.2700,34.3100,34.0300,34.1000,117053,04/10/15,-0.14999999999999858,-0.4379562043795579
AMC,34.7500,35.0500,34.1000,34.2500,240445,04/09/15,-0.9500000000000028,-2.6988636363636442
AMC,34.7800,35.3300,34.5500,35.2000,226151,04/08/15,0.490000000000002,1.4116969173149005
AMC,35.4200,35.5800,34.6700,34.7100,170738,04/07/15,-0.6700000000000017,-1.893725268513289
AMC,35.1900,35.6500,35.0800,35.3800,156014,04/06/15,0.20000000000000284,0.5685048322910825
AMC,34.7500,35.3100,34.6600,35.1800,119340,04/02/15,0.4200000000000017,1.2082853855005804
AMC,35.3700,35.6200,34.1800,34.7600,326810,04/01/15,-0.730000000000004,-2.0569174415328373
AMC,35.4500,35.9095,35.1600,35.4900,202769,03/31/15,-0.030000000000001137,-0.08445945945946265
AMC,35.2100,35.6900,35.0624,35.5200,237305,03/30/15,0.5700000000000003,1.6309012875536488
AMC,34.5800,35.3000,34.4300,34.9500,125752,03/27/15,0.3200000000000003,0.9240542881894319
AMC,34.5900,34.9100,34.2101,34.6300,94161,03/26/15,0.12000000000000455,0.3477252970153711
AMC,35.0700,35.1000,34.3500,34.5100,176838,03/25/15,-0.44000000000000483,-1.2589413447782685
AMC,35.8300,35.9125,34.8900,34.9500,179037,03/24/15,-0.9099999999999966,-2.537646402677068
AMC,35.7000,36.1300,35.6200,35.8600,126742,03/23/15,0.17999999999999972,0.5044843049327347
AMC,35.4900,35.8600,35.4000,35.6800,287428,03/20/15,0.22999999999999687,0.6488011283497795
AMC,35.4100,35.6500,35.2500,35.4500,227191,03/19/15,0.13000000000000256,0.36806342015855764
AMC,35.0300,35.5700,34.8600,35.3200,114021,03/18/15,0.17999999999999972,0.5122367672168461
AMC,34.9800,35.3700,34.8900,35.1400,147604,03/17/15,-0.01999999999999602,-0.05688282138792953
AMC,35.2300,35.4600,34.9900,35.1600,204406,03/16/15,0.259999999999998,0.7449856733524298
AMC,34.2400,35.3400,34.0901,34.9000,336217,03/13/15,0.5799999999999983,1.689976689976685
AMC,34.7300,35.0600,33.8300,34.3200,350534,03/12/15,-0.17999999999999972,-0.5217391304347818
AMC,33.9100,34.5800,33.9100,34.5000,244615,03/11/15,0.7000000000000028,2.071005917159772
AMC,34.5700,34.6400,33.7700,33.8000,277726,03/10/15,-1.0800000000000054,-3.096330275229373
AMC,34.0300,35.0500,33.9300,34.8800,183180,03/09/15,0.9200000000000017,2.7090694935217954
AMC,34.6200,34.8900,33.9000,33.9600,281983,03/06/15,-0.9099999999999966,-2.609693145970739
AMC,35.0500,35.2000,34.7022,34.8700,347999,03/05/15,-0.17999999999999972,-0.5135520684736083
AMC,34.9200,35.6500,34.7600,35.0500,288821,03/04/15,0.18999999999999773,0.5450372920252373
AMC,35.2000,35.3800,34.2900,34.8600,599191,03/03/15,-0.38000000000000256,-1.0783200908059096
AMC,34.5700,35.4500,34.4301,35.2400,417730,03/02/15,0.8599999999999994,2.501454333915065
AMC,34.1600,34.7000,33.8000,34.3800,512411,02/27/15,0.75,2.230151650312221
AMC,33.0100,33.8100,32.9600,33.6300,293778,02/26/15,0.6500000000000057,1.9708914493632679
AMC,32.9800,33.3300,32.7850,32.9800,277388,02/25/15,0.03999999999999915,0.12143290831815164
AMC,32.8400,32.9500,32.6200,32.9400,164930,02/24/15,0.25,0.7647598654022637
AMC,32.7200,32.8299,32.4300,32.6900,220040,02/23/15,0.0799999999999983,0.2453235203925124
AMC,32.5800,32.6582,32.0409,32.6100,314670,02/20/15,0.13000000000000256,0.40024630541872713
AMC,31.5900,32.9700,31.5600,32.4800,595178,02/19/15,0.9599999999999973,3.0456852791878086
AMC,31.3500,31.6100,30.1251,31.5200,1.74 M,02/18/15,0.620000000000001,2.0064724919093884
AMC,30.8900,31.2000,30.5300,30.9000,861143,02/17/15,0.2799999999999976,0.91443500979751
AMC,30.3300,31.0300,30.3300,30.6200,421311,02/13/15,0.23000000000000043,0.7568279039157632
AMC,30.5000,30.5400,30.2550,30.3900,208340,02/12/15,0.10000000000000142,0.3301419610432533
AMC,30.2200,30.3600,30.1000,30.2900,95121,02/11/15,0.10999999999999943,0.3644797879390306
AMC,30.0100,30.4500,29.7700,30.1800,206842,02/10/15,0.1999999999999993,0.6671114076050677
AMC,29.7500,30.1400,29.3600,29.9800,434610,02/09/15,0.5599999999999987,1.9034670292318105
AMC,29.4500,29.4800,29.1300,29.4200,106152,02/06/15,-0.00999999999999801,-0.03397893306149511
AMC,29.4500,29.4900,29.1300,29.4300,136657,02/05/15,0.120000000000001,0.40941658137154896
AMC,28.9500,29.5500,28.9500,29.3100,642275,02/04/15,0.29999999999999716,1.0341261633919239
AMC,28.4100,29.6000,28.0300,29.0100,768886,02/03/15,0.7300000000000004,2.581329561527583
AMC,28.2800,28.4800,27.2500,28.2800,328578,02/02/15,0.16000000000000014,0.5689900426742537
AMC,28.0700,28.4700,27.7400,28.1200,126132,01/30/15,-0.129999999999999,-0.460176991150439
AMC,27.5800,28.2600,27.2000,28.2500,155230,01/29/15,0.6600000000000001,2.392171076476985
AMC,28.5000,28.6350,27.4700,27.5900,147962,01/28/15,-0.8900000000000006,-3.1250000000000018
AMC,28.2000,28.5500,27.9300,28.4800,210664,01/27/15,0.010000000000001563,0.035124692658944724
AMC,28.3500,28.7100,28.0600,28.4700,147680,01/26/15,0.16999999999999815,0.6007067137809122
AMC,27.6900,28.8300,27.5660,28.3000,258483,01/23/15,0.5300000000000011,1.9085343896291003
AMC,27.1900,27.9700,27.1600,27.7700,536889,01/22/15,0.629999999999999,2.321296978629326
AMC,26.9300,27.3600,26.8960,27.1400,284935,01/21/15,0.15000000000000213,0.5557613931085666
AMC,27.2000,27.2960,26.9800,26.9900,294252,01/20/15,-0.07000000000000028,-0.2586844050258695
AMC,27.1500,27.4700,26.9550,27.0600,132521,01/16/15,-0.23000000000000043,-0.8427995602784919
AMC,27.4300,27.5500,26.9200,27.2900,186953,01/15/15,-0.15000000000000213,-0.5466472303207075
AMC,27.4300,27.7790,26.8440,27.4400,237143,01/14/15,0.08000000000000185,0.2923976608187202
AMC,27.5500,28.0800,27.2300,27.3600,382701,01/13/15,-0.129999999999999,-0.47289923608584583
AMC,26.8600,27.5200,26.4500,27.4900,398983,01/12/15,0.6199999999999974,2.307406029028647
AMC,25.8300,26.9100,25.7900,26.8700,305962,01/09/15,1.0400000000000027,4.0263259775455005
AMC,25.7600,26.1200,25.3100,25.8300,192805,01/08/15,0.25,0.9773260359655982
AMC,25.3100,25.6700,25.0100,25.5800,175668,01/07/15,0.4099999999999966,1.6289233214143686
AMC,24.9900,25.6000,24.2700,25.1700,273193,01/06/15,0.20000000000000284,0.8009611533840723
AMC,25.4900,25.5550,24.9300,24.9700,246548,01/05/15,-0.6600000000000001,-2.5751072961373396
AMC,26.2600,26.3000,24.9300,25.6300,420869,01/02/15,-0.5500000000000007,-2.1008403361344565
AMC,26.2000,26.3750,26.1401,26.1800,380761,12/31/14,0.0799999999999983,0.30651340996167925
AMC,26.3100,26.7200,26.0800,26.1000,229254,12/30/14,-0.23999999999999844,-0.9111617312072834
AMC,26.4000,26.7200,26.0300,26.3400,237876,12/29/14,-0.05000000000000071,-0.1894657067070887
AMC,26.7500,26.9700,26.2400,26.3900,99407,12/26/14,-0.23000000000000043,-0.864012021036816
AMC,26.8000,27.0000,26.5300,26.6200,178614,12/24/14,-0.1999999999999993,-0.7457121551081256
AMC,26.7100,27.0800,26.4400,26.8200,306243,12/23/14,0.33999999999999986,1.2839879154078544
AMC,26.0600,26.7200,26.0600,26.4800,248046,12/22/14,0.3099999999999987,1.184562476117687
AMC,25.9200,26.5700,25.8800,26.1700,530144,12/19/14,0.26000000000000156,1.0034735623311524
AMC,25.7400,26.1700,25.4500,25.9100,315242,12/18/14,0.5100000000000016,2.0078740157480377
AMC,24.6400,25.6300,24.2100,25.4000,481146,12/17/14,1.1999999999999993,4.95867768595041
AMC,24.9800,24.9950,24.1900,24.2000,206913,12/16/14,-0.7300000000000004,-2.9281989570798252
AMC,25.0300,25.4100,24.8500,24.9300,155107,12/15/14,0.019999999999999574,0.08028904054596377
AMC,24.4700,25.5000,24.4700,24.9100,150734,12/12/14,0.05000000000000071,0.20112630732100045
AMC,24.7500,25.3600,24.7500,24.8600,150159,12/11/14,0.14999999999999858,0.6070416835289298
AMC,24.9700,24.9700,24.4500,24.7100,121101,12/10/14,-0.3200000000000003,-1.278465840990812
AMC,24.9500,25.4200,24.8500,25.0300,126231,12/09/14,-0.2099999999999973,-0.8320126782884204
AMC,25.2500,25.3500,24.7800,25.2400,214260,12/08/14,-0.010000000000001563,-0.039603960396045794
AMC,25.2000,25.4775,24.7100,25.2500,296188,12/05/14,-0.46000000000000085,-1.7891870867366817
AMC,25.5100,26.0300,25.4800,25.7100,198792,12/04/14,0.26000000000000156,1.0216110019646427
AMC,25.8900,26.2700,25.4100,25.4500,183727,12/03/14,-0.6400000000000006,-2.4530471444998105
AMC,26.5300,26.7200,26.0100,26.0900,166346,12/02/14,-0.33999999999999986,-1.286416950435111
AMC,26.2900,26.7900,25.3200,26.4300,381919,12/01/14,0.21000000000000085,0.8009153318077836
AMC,26.5500,26.6700,26.2000,26.2200,58624,11/28/14,-0.20000000000000284,-0.7570022710068237
AMC,26.3500,26.6500,26.1700,26.4200,77234,11/26/14,0.08000000000000185,0.30372057706910344
AMC,26.1300,26.8300,25.8800,26.3400,560549,11/25/14,0.39000000000000057,1.5028901734104068
AMC,25.5900,26.1300,25.2900,25.9500,347381,11/24/14,0.9199999999999982,3.6755892928485743
AMC,25.9300,25.9300,24.9650,25.0300,349217,11/21/14,-0.6099999999999994,-2.37909516380655
AMC,25.5900,25.8000,25.4400,25.6400,136414,11/20/14,-0.019999999999999574,-0.07794232268121423
AMC,25.6500,25.8100,25.2200,25.6600,100007,11/19/14,-0.05000000000000071,-0.19447685725398953
AMC,25.4900,25.9700,25.3400,25.7100,213959,11/18/14,0.33000000000000185,1.3002364066193928
AMC,25.3996,25.6900,25.0000,25.3800,165950,11/17/14,-0.14000000000000057,-0.5485893416927922
AMC,25.6100,25.9100,25.3200,25.5200,166128,11/14/14,-0.10999999999999943,-0.42918454935622097
AMC,25.8000,26.1300,25.3600,25.6300,83547,11/13/14,-0.19000000000000128,-0.7358636715724294
AMC,25.7100,26.2000,25.5800,25.8200,122232,11/12/14,-0.030000000000001137,-0.11605415860735449
AMC,25.7000,25.9000,25.3800,25.8500,106165,11/11/14,0.25,0.9765625
AMC,25.7000,25.7900,25.0000,25.6000,101008,11/10/14,-0.11999999999999744,-0.4665629860031005
AMC,25.0200,25.8000,24.8800,25.7200,170344,11/07/14,0.629999999999999,2.510960542048621
AMC,24.4600,25.1800,24.0600,25.0900,284046,11/06/14,0.6699999999999982,2.743652743652736
AMC,24.6100,24.7000,23.9200,24.4200,184529,11/05/14,-0.09999999999999787,-0.4078303425774791
AMC,24.9600,25.2400,24.3700,24.5200,297110,11/04/14,-0.4299999999999997,-1.723446893787574
AMC,25.4700,25.7000,24.5000,24.9500,223176,11/03/14,-0.4499999999999993,-1.771653543307084
AMC,25.5000,25.6500,25.2700,25.4000,148143,10/31/14,-0.020000000000003126,-0.07867820613691237
AMC,25.1700,25.4700,24.6700,25.4200,150284,10/30/14,0.26000000000000156,1.0333863275039807
AMC,24.4800,25.4900,23.8500,25.1600,680628,10/29/14,0.7600000000000016,3.1147540983606623
AMC,23.7300,24.4900,23.5500,24.4000,293664,10/28/14,0.8099999999999987,3.4336583298007577
AMC,23.3900,23.9510,23.1700,23.5900,98405,10/27/14,0.16999999999999815,0.725875320239104
AMC,23.0900,23.4900,22.6325,23.4200,83118,10/24/14,0.40000000000000213,1.7376194613379763
AMC,22.8900,23.1400,22.4140,23.0200,127778,10/23/14,0.5799999999999983,2.5846702317290475
AMC,23.3300,23.5400,22.3000,22.4400,145025,10/22/14,-0.9100000000000001,-3.8972162740899363
AMC,22.4200,23.3700,22.2940,23.3500,144937,10/21/14,1.0899999999999999,4.8966756513926315
AMC,22.1000,22.3500,21.7000,22.2600,192793,10/20/14,0.060000000000002274,0.2702702702702805
AMC,23.0500,23.3000,22.0900,22.2000,297949,10/17/14,-0.5899999999999999,-2.5888547608600256
AMC,21.7800,23.0400,21.4000,22.7900,325344,10/16/14,0.75,3.4029038112522687
AMC,21.4700,22.1000,21.1000,22.0400,168326,10/15/14,0.36999999999999744,1.7074296262113402
AMC,21.5700,22.0700,21.2900,21.6700,254644,10/14/14,0.3000000000000007,1.403837154890036
AMC,21.7500,22.2900,21.1900,21.3700,193478,10/13/14,-0.39000000000000057,-1.7922794117647083
AMC,22.1800,22.3660,21.6200,21.7600,132573,10/10/14,-0.5399999999999991,-2.421524663677126
AMC,22.5600,22.6200,22.1800,22.3000,89113,10/09/14,-0.3200000000000003,-1.4146772767462434
AMC,22.3900,22.6900,21.7600,22.6200,100190,10/08/14,0.15000000000000213,0.667556742323107
AMC,23.1800,23.3106,22.4500,22.4700,113276,10/07/14,-0.75,-3.2299741602067185
AMC,23.4200,23.6000,23.2099,23.2200,57678,10/06/14,-0.19000000000000128,-0.8116189662537432
AMC,23.3100,23.5600,23.1000,23.4100,57679,10/03/14,0.21000000000000085,0.9051724137931072
AMC,22.8600,23.2600,22.4500,23.2000,243050,10/02/14,0.28999999999999915,1.265822784810123
AMC,23.0000,23.0700,22.7570,22.9100,273271,10/01/14,-0.0799999999999983,-0.347977381470197
AMC,23.3800,23.5600,22.7100,22.9900,199261,09/30/14,-0.4400000000000013,-1.877934272300475
AMC,23.3300,23.5200,23.1410,23.4300,117572,09/29/14,-0.05999999999999872,-0.25542784163473276
AMC,23.2400,23.5760,23.0200,23.4900,55778,09/26/14,0.23999999999999844,1.0322580645161223
AMC,23.6200,23.6200,23.0900,23.2500,72442,09/25/14,-0.3500000000000014,-1.4830508474576332
AMC,23.7300,23.8630,23.3500,23.6000,112516,09/24/14,-0.16999999999999815,-0.7151872107698702
AMC,24.8900,24.8900,23.6300,23.7700,161880,09/23/14,-0.8200000000000003,-3.334688897925987
AMC,24.5900,24.9000,24.5200,24.5900,206989,09/22/14,-0.010000000000001563,-0.040650406504071396
AMC,24.6800,24.7600,24.4000,24.6000,201259,09/19/14,-0.08999999999999986,-0.36452004860267256
AMC,24.8100,24.9940,24.6500,24.6900,103095,09/18/14,-0.09999999999999787,-0.403388463089947
AMC,24.6400,24.8000,24.5900,24.7900,83591,09/17/14,0.08999999999999986,0.36437246963562697
AMC,24.6000,24.8200,24.2800,24.7000,95293,09/16/14,0.09999999999999787,0.40650406504064174
AMC,24.8400,25.3400,24.5700,24.6000,191007,09/15/14,-0.00999999999999801,-0.04063388866313698
AMC,24.5500,24.7000,24.0200,24.6100,402028,09/12/14,0.0,0.0
AMC,24.4000,24.7100,24.2900,24.6100,66017,09/11/14,0.0799999999999983,0.3261312678352967
AMC,24.5900,24.5900,24.2700,24.5300,181913,09/10/14,-0.05999999999999872,-0.244001626677506
AMC,24.9100,24.9100,24.3760,24.5900,256145,09/09/14,-0.21000000000000085,-0.8467741935483906
AMC,24.4800,25.0300,24.3800,24.8000,295141,09/08/14,0.3500000000000014,1.4314928425357931
AMC,24.1500,24.6200,24.0300,24.4500,137502,09/05/14,0.23000000000000043,0.9496284062758069
AMC,23.9900,24.3800,23.7700,24.2200,114577,09/04/14,0.2099999999999973,0.8746355685131082
AMC,23.9500,24.5500,23.6000,24.0100,176954,09/03/14,0.07000000000000028,0.2923976608187146
AMC,23.6500,23.9900,23.4900,23.9400,151555,09/02/14,0.2699999999999996,1.140684410646386
AMC,23.6200,23.7300,23.4100,23.6700,58957,08/29/14,0.030000000000001137,0.12690355329949718
AMC,23.5400,23.7000,23.3355,23.6400,69656,08/28/14,-0.030000000000001137,-0.12674271229404788
AMC,23.5700,23.6900,23.4300,23.6700,94064,08/27/14,0.060000000000002274,0.25412960609912016
AMC,23.5200,23.8000,23.4600,23.6100,85904,08/26/14,0.03999999999999915,0.169707254985147
AMC,23.6600,23.8100,23.4350,23.5700,34306,08/25/14,0.08000000000000185,0.34057045551299214
AMC,23.3200,23.8300,23.2900,23.4900,80509,08/22/14,0.13999999999999702,0.5995717344753619
AMC,23.5100,23.5900,23.0400,23.3500,118873,08/21/14,-0.21999999999999886,-0.9333899024183235
AMC,23.5100,23.6200,23.2200,23.5700,61458,08/20/14,0.010000000000001563,0.042444821731755365
AMC,23.4200,23.9300,23.3400,23.5600,121107,08/19/14,0.129999999999999,0.5548442168160436
AMC,23.3000,23.7300,23.1800,23.4300,143900,08/18/14,0.3299999999999983,1.428571428571421
AMC,22.9500,23.2400,22.3800,23.1000,118800,08/15/14,0.360000000000003,1.5831134564643932
AMC,23.1700,23.1700,22.6800,22.7400,88974,08/14/14,-0.3500000000000014,-1.515807708964926
AMC,23.3700,23.4082,23.0100,23.0900,83172,08/13/14,-0.14999999999999858,-0.6454388984509406
AMC,23.3100,23.4100,23.0200,23.2400,58330,08/12/14,-0.20000000000000284,-0.8532423208191247
AMC,23.3600,23.6400,23.3400,23.4400,99964,08/11/14,0.08000000000000185,0.34246575342466545
AMC,23.5200,23.5500,23.0900,23.3600,73621,08/08/14,-0.19000000000000128,-0.8067940552017039
AMC,23.6500,23.9000,23.3300,23.5500,94509,08/07/14,-0.08999999999999986,-0.3807106598984765
AMC,23.1200,23.9700,23.1200,23.6400,159065,08/06/14,0.4800000000000004,2.072538860103629
AMC,23.2100,23.5000,23.0200,23.1600,162170,08/05/14,-0.1999999999999993,-0.8561643835616408
AMC,23.1100,23.3800,22.6900,23.3600,213981,08/04/14,0.35999999999999943,1.5652173913043455
AMC,22.6800,23.0800,22.5800,23.0000,185748,08/01/14,0.35999999999999943,1.5901060070671353
AMC,23.2500,23.2500,22.0900,22.6400,308930,07/31/14,0.129999999999999,0.5775211017325589
AMC,22.6500,22.7590,22.3000,22.5100,154037,07/30/14,-0.06999999999999673,-0.31000885739591116
AMC,23.0700,23.2800,22.5100,22.5800,96275,07/29/14,-0.5,-2.1663778162911616
AMC,22.9800,23.1540,22.5800,23.0800,108824,07/28/14,0.06999999999999673,0.3042155584528324
AMC,22.4400,23.0600,22.4400,23.0100,174741,07/25/14,0.41000000000000014,1.8141592920353988
AMC,22.6800,22.7700,22.4900,22.6000,79913,07/24/14,0.0,0.0
AMC,22.8800,22.9000,22.5601,22.6000,42626,07/23/14,-0.23999999999999844,-1.0507880910682943
AMC,22.7200,22.9000,22.4000,22.8400,131325,07/22/14,0.19000000000000128,0.8388520971302486
AMC,22.4700,22.7400,22.2101,22.6500,150797,07/21/14,0.11999999999999744,0.5326231691078448
AMC,22.4300,22.7662,22.1500,22.5300,279042,07/18/14,0.07000000000000028,0.311665182546751
AMC,22.1900,22.5800,22.1200,22.4600,231735,07/17/14,0.1700000000000017,0.7626738447734487
AMC,22.4100,22.6500,22.1000,22.2900,326276,07/16/14,-0.08000000000000185,-0.35762181493071904
AMC,23.0000,23.1560,22.2700,22.3700,129685,07/15/14,-0.6899999999999977,-2.9921942758022455
AMC,23.4600,23.6240,22.9900,23.0600,101174,07/14/14,-0.22000000000000242,-0.9450171821305945
AMC,23.2800,23.4700,23.1000,23.2800,89599,07/11/14,-0.05999999999999872,-0.25706940874035444
AMC,23.2400,23.4200,23.0150,23.3400,173248,07/10/14,-0.3099999999999987,-1.3107822410147938
AMC,23.5900,23.8200,23.4700,23.6500,104551,07/09/14,0.05999999999999872,0.25434506146671776
AMC,24.0100,24.0800,23.2200,23.5900,123299,07/08/14,-0.4800000000000004,-1.99418363107603
AMC,24.7500,24.7500,24.0400,24.0700,147210,07/07/14,-0.5599999999999987,-2.2736500203004417
AMC,24.7900,24.9000,24.5900,24.6300,54386,07/03/14,-0.120000000000001,-0.48484848484848886
AMC,24.4400,24.8000,24.4000,24.7500,75269,07/02/14,0.28000000000000114,1.1442582754393182
AMC,24.9400,25.0000,24.4200,24.4700,248570,07/01/14,-0.40000000000000213,-1.6083634901487822
AMC,24.5500,24.9500,24.4300,24.8700,123062,06/30/14,0.26000000000000156,1.056481105241778
AMC,24.3900,24.7200,24.2500,24.6100,358401,06/27/14,0.07000000000000028,0.28524857375713236
AMC,24.4100,24.6000,24.1700,24.5400,42338,06/26/14,0.09999999999999787,0.40916530278231533
AMC,24.1200,24.4500,24.0000,24.4400,91853,06/25/14,0.20000000000000284,0.8250825082508368
AMC,24.1600,24.6400,24.0520,24.2400,85950,06/24/14,0.06999999999999673,0.2896152254861263
AMC,24.6500,24.6500,24.1300,24.1700,186479,06/23/14,-0.4399999999999977,-1.7878911011783736
AMC,24.7200,24.7900,24.3450,24.6100,192960,06/20/14,-0.03999999999999915,-0.16227180527383023
AMC,24.4000,24.7700,24.2900,24.6500,143031,06/19/14,0.25,1.0245901639344264
AMC,23.9100,24.4000,23.6811,24.4000,121790,06/18/14,0.48999999999999844,2.049351735675443
AMC,24.2200,24.4700,23.8600,23.9100,285881,06/17/14,-0.370000000000001,-1.5238879736408606
AMC,24.2400,24.5000,24.1500,24.2800,212069,06/16/14,0.060000000000002274,0.2477291494632629
AMC,24.1000,24.5300,23.8900,24.2200,194876,06/13/14,0.16999999999999815,0.7068607068606991
AMC,24.1200,24.2300,23.6750,24.0500,119287,06/12/14,-0.07000000000000028,-0.2902155887230526
AMC,24.1900,24.6300,23.9600,24.1200,102954,06/11/14,-0.07000000000000028,-0.2893757751136845
AMC,24.2000,24.2200,23.8600,24.1900,103836,06/10/14,0.010000000000001563,0.041356492969402664
AMC,23.8800,24.3900,23.6401,24.1800,113452,06/09/14,0.17999999999999972,0.7499999999999988
AMC,23.1100,24.2750,23.0100,24.0000,415113,06/06/14,1.0500000000000007,4.575163398692814
AMC,22.6300,23.0000,22.2200,22.9500,134733,06/05/14,0.3999999999999986,1.7738359201773772
AMC,22.3900,23.0000,22.2800,22.5500,183715,06/04/14,-0.00999999999999801,-0.044326241134742955
AMC,22.5500,22.6800,22.1600,22.5600,879090,06/03/14,-0.05000000000000071,-0.2211410880141562
AMC,22.3300,22.8900,22.0200,22.6100,259399,06/02/14,-0.060000000000002274,-0.2646669607410775
AMC,22.7000,23.0600,22.6300,22.6700,241461,05/30/14,0.030000000000001137,0.1325088339222665
AMC,23.0000,23.0900,22.5600,22.6400,307736,05/29/14,-0.35999999999999943,-1.5652173913043455
AMC,23.1800,23.2400,22.3900,23.0000,192084,05/28/14,-0.1999999999999993,-0.8620689655172383
AMC,23.1100,23.4700,23.0600,23.2000,174333,05/27/14,0.629999999999999,2.79131590607
AMC,22.4600,22.7600,22.2800,22.5700,93193,05/23/14,0.17999999999999972,0.8039303260384087
AMC,22.0500,22.5200,22.0200,22.3900,113771,05/22/14,0.3100000000000023,1.4039855072463872
AMC,22.0000,22.4100,22.0000,22.0800,151549,05/21/14,0.11999999999999744,0.5464480874316823
AMC,21.9900,22.0800,21.7650,21.9600,160790,05/20/14,0.0,0.0
AMC,21.2500,22.0500,21.1920,21.9600,156374,05/19/14,0.6900000000000013,3.2440056417489482
AMC,21.4100,21.4500,21.1300,21.2700,262444,05/16/14,-0.19000000000000128,-0.885368126747443
AMC,21.3000,21.6300,21.2500,21.4600,195344,05/15/14,0.030000000000001137,0.1399906672888527
AMC,21.5200,21.6500,21.3000,21.4300,135030,05/14/14,-0.23000000000000043,-1.0618651892890139
AMC,21.5600,21.7800,21.2400,21.6600,136193,05/13/14,0.05000000000000071,0.23137436372050307
AMC,21.1800,21.7100,21.0000,21.6100,189672,05/12/14,0.46999999999999886,2.22327341532639
AMC,21.2400,21.3100,20.9900,21.1400,202501,05/09/14,-0.16999999999999815,-0.7977475363678938
AMC,21.9300,22.2390,21.1200,21.3100,197064,05/08/14,-0.7100000000000009,-3.224341507720258
AMC,22.2400,22.5000,21.7000,22.0200,203975,05/07/14,-0.17999999999999972,-0.8108108108108095
AMC,22.7700,22.8900,22.1200,22.2000,238446,05/06/14,-0.6900000000000013,-3.0144167758846714
AMC,23.5700,23.6800,22.8000,22.8900,191123,05/05/14,-0.8499999999999979,-3.5804549283908926
AMC,23.9800,24.5830,23.6300,23.7400,346015,05/02/14,-0.26000000000000156,-1.08333333333334
AMC,23.0900,24.0600,22.9500,24.0000,632315,05/01/14,0.8599999999999994,3.7165082108902308
AMC,22.5100,23.1800,21.2301,23.1400,598997,04/30/14,0.6600000000000001,2.935943060498221
AMC,22.7300,22.8300,22.1400,22.4800,150972,04/29/14,-0.10999999999999943,-0.4869411243913211
AMC,22.1700,22.7000,21.8700,22.5900,289596,04/28/14,0.5,2.2634676324128566
AMC,23.2200,23.2400,21.9500,22.0900,328250,04/25/14,-1.2899999999999991,-5.517536355859706
AMC,22.9800,23.8600,22.8401,23.3800,134735,04/24/14,0.509999999999998,2.2299956274595454
AMC,22.8200,23.4600,22.7400,22.8700,302098,04/23/14,0.08000000000000185,0.35103115401492696
AMC,23.3700,23.4800,22.6500,22.7900,202493,04/22/14,-0.6000000000000014,-2.5651988029072315
AMC,22.3000,23.6400,22.3000,23.3900,312363,04/21/14,1.0899999999999999,4.887892376681614
AMC,22.4400,22.6500,21.6800,22.3000,367082,04/17/14,-0.21000000000000085,-0.9329187027987599
AMC,22.4500,22.6300,22.0200,22.5100,190982,04/16/14,0.10000000000000142,0.44622936189201884
AMC,23.6600,23.9400,22.1700,22.4100,264699,04/15/14,-1.1799999999999997,-5.002119542178888
AMC,23.8800,24.0100,23.5100,23.5900,305207,04/14/14,-0.010000000000001563,-0.04237288135593882
AMC,22.7300,23.7100,21.9100,23.6000,581499,04/11/14,0.7200000000000024,3.1468531468531578
AMC,23.5900,23.6400,22.8800,22.8800,117977,04/10/14,-0.7600000000000016,-3.21489001692048
AMC,24.0600,24.1200,23.5700,23.6400,282041,04/09/14,-0.3299999999999983,-1.376720901126401
AMC,23.0400,24.1800,22.8100,23.9700,522029,04/08/14,0.9499999999999993,4.126846220677669
AMC,23.0100,23.1600,22.5400,23.0200,238583,04/07/14,0.0,0.0
AMC,23.6000,23.6990,22.5900,23.0200,322854,04/04/14,-0.46000000000000085,-1.9591141396933596
AMC,24.8600,25.0000,23.4350,23.4800,374741,04/03/14,-1.3200000000000003,-5.322580645161291
AMC,24.7300,25.1400,24.5200,24.8000,321513,04/02/14,0.08000000000000185,0.32362459546926314
AMC,24.2000,24.7200,23.8700,24.7200,374604,04/01/14,0.46999999999999886,1.9381443298969026
AMC,23.9900,24.2500,23.3800,24.2500,2.34 M,03/31/14,0.3500000000000014,1.4644351464435206
AMC,23.4200,23.9900,23.3800,23.9000,283604,03/28/14,0.4799999999999969,2.0495303159692435
AMC,23.7700,24.0700,23.2600,23.4200,284970,03/27/14,-0.4399999999999977,-1.8440905280804598
AMC,24.0700,24.0700,23.7000,23.8600,238360,03/26/14,-0.15000000000000213,-0.6247396917950943
AMC,23.3100,24.2100,23.2960,24.0100,398432,03/25/14,0.8300000000000018,3.580672993960319
AMC,23.0000,23.2300,22.3000,23.1800,385525,03/24/14,0.120000000000001,0.5203816131830052
AMC,23.2800,23.6900,22.8200,23.0600,1.65 M,03/21/14,-0.45000000000000284,-1.9140791152701098
AMC,23.4700,23.6500,22.9800,23.5100,429168,03/20/14,-0.06999999999999673,-0.2968617472434128
AMC,23.9000,23.9000,23.1900,23.5800,569230,03/19/14,-0.8200000000000003,-3.3606557377049193
AMC,25.1700,25.2500,24.3400,24.4000,547499,03/18/14,-0.6600000000000001,-2.63367916999202
AMC,24.1700,25.4300,24.1700,25.0600,869007,03/17/14,0.9499999999999993,3.9402737453338834
AMC,23.8500,24.8000,23.7300,24.1100,567047,03/14/14,0.23999999999999844,1.0054461667364827
AMC,23.3400,24.5600,23.3400,23.8700,827604,03/13/14,0.5800000000000018,2.4903392013739882
AMC,23.9900,24.5796,23.0151,23.2900,508144,03/12/14,-0.6900000000000013,-2.8773978315262774
AMC,24.9400,26.6800,23.9800,23.9800,1.23 M,03/11/14,-0.8299999999999983,-3.34542523176138
AMC,25.3000,26.4000,24.7400,24.8100,398494,03/10/14,-0.6600000000000001,-2.5912838633686697
AMC,25.4300,25.8100,24.7603,25.4700,487710,03/07/14,0.25,0.9912767644726408
AMC,24.7800,25.2880,24.5900,25.2200,351261,03/06/14,0.5599999999999987,2.270884022708835
AMC,24.0400,24.8000,24.0400,24.6600,355371,03/05/14,0.6799999999999997,2.835696413678064
AMC,23.0800,24.4600,23.0800,23.9800,1.16 M,03/04/14,1.0300000000000011,4.488017429193905
AMC,22.9700,23.6000,22.7700,22.9500,432922,03/03/14,0.05999999999999872,0.2621231979030088
AMC,22.7400,22.9400,22.3500,22.8900,306190,02/28/14,0.15000000000000213,0.6596306068601677
AMC,22.5200,22.9400,22.1400,22.7400,374295,02/27/14,0.21999999999999886,0.9769094138543467
AMC,22.7500,22.8797,21.6700,22.5200,567500,02/26/14,0.05000000000000071,0.22251891410770233
AMC,22.4800,22.9300,22.3100,22.4700,253009,02/25/14,0.0799999999999983,0.3573023671281746
AMC,22.4000,22.5000,21.9001,22.3900,245386,02/24/14,0.08000000000000185,0.3585835948005462
AMC,22.0000,22.6400,21.7900,22.3100,303760,02/21/14,0.35999999999999943,1.6400911161731182
AMC,21.8000,22.0600,21.6320,21.9500,179773,02/20/14,0.019999999999999574,0.09119927040583481
AMC,21.9200,22.2500,21.7600,21.9300,210859,02/19/14,-0.05999999999999872,-0.27285129604365044
AMC,22.1000,22.1000,21.8000,21.9900,183778,02/18/14,-0.010000000000001563,-0.04545454545455256
AMC,22.1800,22.1800,21.3200,22.0000,172632,02/14/14,-0.10000000000000142,-0.4524886877828118
AMC,21.7400,22.4500,21.7200,22.1000,183370,02/13/14,0.060000000000002274,0.2722323049001918
AMC,21.7100,22.0900,21.4600,22.0400,147941,02/12/14,0.2699999999999996,1.2402388608176371
AMC,21.4600,21.7800,21.3000,21.7700,156211,02/11/14,0.3999999999999986,1.8717828731867037
AMC,21.2500,21.3700,21.0660,21.3700,118292,02/10/14,0.05000000000000071,0.23452157598499396
AMC,21.2100,21.3300,20.9140,21.3200,129926,02/07/14,0.16000000000000014,0.7561436672967871
AMC,20.9900,21.1600,20.7100,21.1600,211648,02/06/14,0.120000000000001,0.5703422053231987
AMC,20.8400,21.1300,20.3000,21.0400,362040,02/05/14,0.019999999999999574,0.09514747859181528
AMC,21.0500,21.1665,20.6201,21.0200,311482,02/04/14,-0.030000000000001137,-0.14251781472684624
AMC,21.5000,21.5000,21.0100,21.0500,232206,02/03/14,-0.3200000000000003,-1.4974262985493696
AMC,21.2500,21.8200,21.1600,21.3700,230790,01/31/14,-0.16000000000000014,-0.743149094287042
AMC,21.8800,22.0000,21.4300,21.5300,122693,01/30/14,-0.10999999999999943,-0.5083179297597016
AMC,21.9200,21.9200,21.3500,21.6400,77177,01/29/14,-0.2699999999999996,-1.2323140118667255
AMC,21.9700,21.9700,21.1000,21.9100,332623,01/28/14,0.5599999999999987,2.622950819672125
AMC,21.2600,21.4700,21.0200,21.3500,497249,01/27/14,-0.019999999999999574,-0.09358914365933352
AMC,21.2700,21.6100,20.8000,21.3700,409069,01/24/14,0.10000000000000142,0.4701457451810128
AMC,21.2700,21.2700,20.5000,21.2700,154254,01/23/14,0.00999999999999801,0.047036688617111994
AMC,20.9400,21.4900,20.9201,21.2600,326833,01/22/14,0.41000000000000014,1.96642685851319
AMC,20.4000,21.0000,20.3225,20.8500,620251,01/21/14,0.610000000000003,3.0138339920948765
AMC,20.1800,20.4900,20.0400,20.2400,131424,01/17/14,-0.060000000000002274,-0.2955665024630654
AMC,19.9200,20.4900,19.9000,20.3000,279340,01/16/14,0.3100000000000023,1.5507753876938584
AMC,20.1800,20.3040,19.8100,19.9900,311799,01/15/14,-0.13000000000000256,-0.6461232604373884
AMC,19.8600,20.3400,19.7500,20.1200,215815,01/14/14,0.14000000000000057,0.7007007007007036
AMC,19.9000,20.0100,19.7500,19.9800,392556,01/13/14,-0.05999999999999872,-0.29940119760478406
AMC,20.0500,20.1500,19.9901,20.0400,660075,01/10/14,0.00999999999999801,0.04992511233149281
AMC,19.9600,20.0500,19.8100,20.0300,290220,01/09/14,0.07000000000000028,0.3507014028056126
AMC,20.1000,20.1000,19.8900,19.9600,498381,01/08/14,-0.08999999999999986,-0.4488778054862836
AMC,20.0400,20.1700,19.9300,20.0500,856772,01/07/14,0.03999999999999915,0.1999000499750082
AMC,20.0500,20.1000,19.8100,20.0100,509721,01/06/14,-0.00999999999999801,-0.049950049950040015
AMC,20.1000,20.2800,19.7800,20.0200,299793,01/03/14,-0.16000000000000014,-0.7928642220019829
AMC,20.6200,20.9400,19.9600,20.1800,425814,01/02/14,-0.370000000000001,-1.8004866180048709
AMC,19.9600,20.7200,19.9600,20.5500,313909,12/31/13,0.5700000000000003,2.852852852852854
AMC,20.1000,20.1400,19.8204,19.9800,246833,12/30/13,-0.16000000000000014,-0.7944389275074486
AMC,19.9300,20.5900,19.5300,20.1400,758233,12/27/13,0.35999999999999943,1.820020222446913
AMC,19.5500,19.9000,19.3500,19.7800,416470,12/26/13,0.25,1.2800819252432154
AMC,19.7400,19.8200,19.5000,19.5300,213659,12/24/13,-0.2099999999999973,-1.063829787234029
AMC,19.7900,19.9900,19.5000,19.7400,698142,12/23/13,0.05999999999999872,0.3048780487804813
AMC,19.6000,19.7700,19.4000,19.6800,737577,12/20/13,0.19000000000000128,0.9748589020010328
AMC,18.9000,19.4900,18.8100,19.4900,1.61 M,12/19/13,0.5899999999999999,3.121693121693121