GRFS,20.4000,20.4600,20.2200,20.2300,891418,04/26/18,0.07000000000000028,0.34722222222222365
GRFS,20.2700,20.4200,20.1150,20.1600,562255,04/25/18,-0.14000000000000057,-0.6896551724137959
GRFS,20.7500,20.7600,20.1600,20.3000,329534,04/24/18,-0.35999999999999943,-1.7424975798644697
GRFS,20.8300,20.8300,20.5900,20.6600,611845,04/23/18,-0.10000000000000142,-0.48169556840077754
GRFS,20.9100,21.1000,20.7300,20.7600,1.49 M,04/20/18,0.010000000000001563,0.04819277108434488
GRFS,21.0800,21.2300,20.7000,20.7500,837681,04/19/18,-0.21000000000000085,-1.001908396946569
GRFS,21.2000,21.3500,20.9500,20.9600,705368,04/18/18,-0.259999999999998,-1.2252591894439115
GRFS,21.2500,21.4100,21.1900,21.2200,752890,04/17/18,0.2699999999999996,1.288782816229115
GRFS,21.2000,21.3000,20.9100,20.9500,474563,04/16/18,0.03999999999999915,0.1912960306073608
GRFS,21.1500,21.2500,20.7800,20.9100,470156,04/13/18,-0.129999999999999,-0.6178707224334554
GRFS,20.9200,21.2500,20.8900,21.0400,677055,04/12/18,0.46000000000000085,2.2351797862001987
GRFS,20.9000,21.0650,20.5600,20.5800,565561,04/11/18,-0.3000000000000007,-1.4367816091954058
GRFS,20.9300,21.0600,20.7700,20.8800,673644,04/10/18,0.2099999999999973,1.01596516690855
GRFS,20.5200,20.8200,20.4500,20.6700,968742,04/09/18,0.45000000000000284,2.225519287833842
GRFS,20.5300,20.7100,20.0701,20.2200,714116,04/06/18,-0.26000000000000156,-1.2695312500000075
GRFS,20.7500,20.8600,20.3400,20.4800,882496,04/05/18,-0.09999999999999787,-0.485908649173945
GRFS,20.6100,20.7100,20.5000,20.5800,556160,04/04/18,0.0,0.0
GRFS,20.6500,20.7600,20.4700,20.5800,352361,04/03/18,-0.030000000000001137,-0.1455604075691467
GRFS,21.1400,21.4900,20.4500,20.6100,595617,04/02/18,-0.5899999999999999,-2.7830188679245276
GRFS,21.1200,21.3350,21.0300,21.2000,649982,03/29/18,0.17999999999999972,0.8563273073263545
GRFS,20.7700,21.2000,20.7300,21.0200,2.37 M,03/28/18,0.7100000000000009,3.495814869522407
GRFS,20.6500,20.8400,20.1400,20.3100,1.49 M,03/27/18,-0.21000000000000085,-1.0233918128655013
GRFS,20.7500,20.8800,20.2700,20.5200,317978,03/26/18,0.14999999999999858,0.7363770250368118
GRFS,20.5600,20.7200,20.3200,20.3700,434649,03/23/18,-0.10999999999999943,-0.5371093749999972
GRFS,20.7900,21.0000,20.4800,20.4800,348107,03/22/18,-0.46000000000000085,-2.1967526265520574
GRFS,21.0600,21.1800,20.8900,20.9400,347581,03/21/18,-0.14999999999999858,-0.7112375533428098
GRFS,20.7800,21.2300,20.7250,21.0900,452868,03/20/18,0.26000000000000156,1.2481997119539203
GRFS,21.1600,21.1800,20.6800,20.8300,311404,03/19/18,-0.4200000000000017,-1.9764705882353022
GRFS,21.6000,21.7200,21.1710,21.2500,505008,03/16/18,-0.16000000000000014,-0.747314339093882
GRFS,21.4600,21.5900,21.3100,21.4100,376721,03/15/18,-0.05000000000000071,-0.23299161230196044
GRFS,21.6500,21.6500,21.3600,21.4600,198966,03/14/18,-0.07000000000000028,-0.3251277287505819
GRFS,21.7500,21.8399,21.4750,21.5300,225420,03/13/18,-0.23000000000000043,-1.056985294117649
GRFS,21.8400,21.9900,21.6800,21.7600,341804,03/12/18,0.15000000000000213,0.6941230911615092
GRFS,21.6300,21.7200,21.4800,21.6100,1.01 M,03/09/18,0.3000000000000007,1.4077897700610076
GRFS,21.7100,21.7100,21.2400,21.3100,583872,03/08/18,-0.26000000000000156,-1.2053778395920332
GRFS,21.7100,21.9450,21.5100,21.5700,862150,03/07/18,-0.10000000000000142,-0.4614674665436152
GRFS,21.5600,21.7400,21.3800,21.6700,1.12 M,03/06/18,0.4200000000000017,1.9764705882353022
GRFS,21.1000,21.3300,21.0600,21.2500,981142,03/05/18,0.28000000000000114,1.3352408202193664
GRFS,21.1700,21.1900,20.9100,20.9700,2.43 M,03/02/18,-0.054999999999999716,-0.26159334126040296
GRFS,21.2600,21.4700,20.8810,21.0250,956735,03/01/18,-0.7750000000000021,-3.555045871559643
GRFS,21.7400,21.9300,21.4500,21.8000,1.88 M,02/28/18,-0.5599999999999987,-2.5044722719141266
GRFS,22.7900,22.8700,22.3500,22.3600,504300,02/27/18,-0.33000000000000185,-1.4543851917144197
GRFS,22.8800,22.8800,22.6100,22.6900,379719,02/26/18,-0.0799999999999983,-0.3513394817742569
GRFS,22.5400,22.7700,22.4800,22.7700,269980,02/23/18,0.3000000000000007,1.335113484646198
GRFS,22.7400,22.8000,22.3800,22.4700,337190,02/22/18,-0.25,-1.1003521126760565
GRFS,22.7500,22.8900,22.5700,22.7200,479209,02/21/18,-0.14000000000000057,-0.6124234470691189
GRFS,22.8400,23.0600,22.6800,22.8600,302737,02/20/18,-0.060000000000002274,-0.26178010471205176
GRFS,22.9200,23.0600,22.7500,22.9200,197597,02/16/18,-0.06999999999999673,-0.3044802087864147
GRFS,22.9200,23.0300,22.6400,22.9900,388732,02/15/18,0.33999999999999986,1.5011037527593813
GRFS,22.3800,22.7300,22.3100,22.6500,733579,02/14/18,0.16999999999999815,0.7562277580071092
GRFS,22.4600,22.5900,22.1700,22.4800,383865,02/13/18,-0.14999999999999858,-0.6628369421122341
GRFS,22.4400,22.7900,22.3150,22.6300,244878,02/12/18,0.259999999999998,1.1622708985248011
GRFS,22.2100,22.4500,21.5600,22.3700,347007,02/09/18,0.4499999999999993,2.0529197080291937
GRFS,22.7500,22.8300,21.9200,21.9200,197008,02/08/18,-0.9099999999999966,-3.985983355234326
GRFS,22.7700,23.0700,22.7200,22.8300,177056,02/07/18,0.03999999999999915,0.17551557700745568
GRFS,22.6400,23.0000,22.3700,22.7900,499443,02/06/18,-0.10999999999999943,-0.4803493449781635
GRFS,23.5600,23.6000,22.7500,22.9000,402386,02/05/18,-0.7600000000000016,-3.2121724429416805
GRFS,24.3700,24.3700,23.6000,23.6600,337884,02/02/18,-0.9100000000000001,-3.703703703703704
GRFS,24.7100,24.8600,24.5300,24.5700,832758,02/01/18,-0.28000000000000114,-1.1267605633802862
GRFS,24.7100,24.9150,24.6400,24.8500,460367,01/31/18,0.15000000000000213,0.6072874493927212
GRFS,24.7500,24.8600,24.5300,24.7000,415140,01/30/18,0.0799999999999983,0.32493907392363236
GRFS,24.9300,25.0000,24.5000,24.6200,249749,01/29/18,-0.3299999999999983,-1.3226452905811554
GRFS,24.9500,25.1000,24.8100,24.9500,313050,01/26/18,0.129999999999999,0.523771152296531
GRFS,24.8100,24.9550,24.6900,24.8200,293423,01/25/18,0.10999999999999943,0.4451639012545505
GRFS,24.9900,25.0800,24.5500,24.7100,907155,01/24/18,-0.17999999999999972,-0.7231820008035345
GRFS,24.9700,25.1800,24.7900,24.8900,258268,01/23/18,-0.00999999999999801,-0.04016064257027314
GRFS,24.1600,24.9200,24.1600,24.9000,320585,01/22/18,0.8200000000000003,3.4053156146179417
GRFS,24.2800,24.3550,24.0600,24.0800,768317,01/19/18,-0.14000000000000057,-0.5780346820809272
GRFS,24.4900,24.4900,24.1200,24.2200,402728,01/18/18,-0.370000000000001,-1.5046766978446564
GRFS,24.6800,24.6800,24.2800,24.5900,600118,01/17/18,-0.35999999999999943,-1.4428857715430838
GRFS,24.8300,25.0940,24.7500,24.9500,750687,01/16/18,0.18999999999999773,0.7673667205169536
GRFS,24.7600,24.8500,24.5900,24.7600,357848,01/12/18,0.11000000000000298,0.44624746450305475
GRFS,24.5400,24.7100,24.4000,24.6500,355227,01/11/18,0.019999999999999574,0.08120178643929994
GRFS,24.5500,24.6800,24.5000,24.6300,417400,01/10/18,0.029999999999997584,0.1219512195121853
GRFS,24.2500,24.6100,24.1600,24.6000,712851,01/09/18,0.3500000000000014,1.4432989690721707
GRFS,24.0100,24.3700,23.9850,24.2500,446284,01/08/18,0.2699999999999996,1.1259382819015828
GRFS,23.5700,24.0300,23.5600,23.9800,1.04 M,01/05/18,0.5,2.1294718909710393
GRFS,23.6100,23.6900,23.3900,23.4800,615633,01/04/18,0.129999999999999,0.5567451820128436
GRFS,23.5200,23.6200,23.2100,23.3500,696470,01/03/18,-0.04999999999999716,-0.21367521367520154
GRFS,23.1100,23.4200,22.8600,23.4000,970314,01/02/18,0.4799999999999969,2.0942408376963213
GRFS,22.8800,23.1000,22.7900,22.9200,315816,12/29/17,0.13000000000000256,0.5704256252742543
GRFS,22.7100,22.8800,22.7100,22.7900,251782,12/28/17,0.129999999999999,0.5736981465136761
GRFS,22.4400,22.7200,22.4400,22.6600,1.56 M,12/27/17,0.25,1.1155734047300312
GRFS,22.3500,22.6000,22.2200,22.4100,352676,12/26/17,0.0,0.0
GRFS,22.1000,22.5900,22.0800,22.4100,311014,12/22/17,0.23000000000000043,1.036970243462581
GRFS,22.0300,22.2500,21.9800,22.1800,319085,12/21/17,0.23000000000000043,1.0478359908883847
GRFS,22.1300,22.1300,21.8400,21.9500,193913,12/20/17,-0.14000000000000057,-0.6337709370756024
GRFS,22.0600,22.1400,21.9950,22.0900,256474,12/19/17,-0.010000000000001563,-0.04524886877828761
GRFS,21.8700,22.3500,21.8700,22.1000,504366,12/18/17,0.370000000000001,1.7027151403589553
GRFS,21.5500,21.7600,21.5400,21.7300,984528,12/15/17,0.21999999999999886,1.022780102278005
GRFS,21.7300,21.7300,21.5000,21.5100,464937,12/14/17,-0.25,-1.1488970588235294
GRFS,21.5000,21.8600,21.4800,21.7600,799596,12/13/17,0.26000000000000156,1.2093023255814026
GRFS,21.6300,21.6800,21.3100,21.5000,610363,12/12/17,-0.07000000000000028,-0.32452480296708525
GRFS,21.9200,21.9200,21.5300,21.5700,529471,12/11/17,-0.3299999999999983,-1.5068493150684854
GRFS,21.9000,21.9700,21.7250,21.9000,368185,12/08/17,-0.07000000000000028,-0.3186162949476572
GRFS,21.9000,22.0400,21.8500,21.9700,529770,12/07/17,0.09999999999999787,0.45724737082760797
GRFS,21.9100,22.1300,21.7757,21.8700,519529,12/06/17,-0.1999999999999993,-0.9062075215224255
GRFS,22.1300,22.3000,22.0300,22.0700,251901,12/05/17,-0.0799999999999983,-0.3611738148984122
GRFS,22.4000,22.5100,22.1450,22.1500,388591,12/04/17,-0.05000000000000071,-0.22522522522522842
GRFS,22.4100,22.5800,21.9500,22.2000,527244,12/01/17,-0.5500000000000007,-2.4175824175824205
GRFS,22.4900,22.7700,22.3600,22.7500,377844,11/30/17,0.33999999999999986,1.5171798304328419
GRFS,22.6800,22.7800,22.2600,22.4100,305207,11/29/17,-0.1999999999999993,-0.884564352056609
GRFS,22.5300,22.6700,22.4100,22.6100,479530,11/28/17,0.0799999999999983,0.3550821127385632
GRFS,23.0000,23.0000,22.4800,22.5300,381403,11/27/17,-0.5899999999999999,-2.5519031141868505
GRFS,23.0000,23.1600,22.8200,23.1200,185497,11/24/17,0.08000000000000185,0.34722222222223026
GRFS,23.2100,23.3000,22.9600,23.0400,380597,11/22/17,-0.13000000000000256,-0.561070349589998
GRFS,23.0000,23.2300,22.8600,23.1700,259521,11/21/17,-0.029999999999997584,-0.1293103448275758
GRFS,23.2700,23.2700,22.9800,23.2000,290239,11/20/17,-0.08000000000000185,-0.34364261168385674
GRFS,22.8900,23.3000,22.8900,23.2800,554385,11/17/17,0.4700000000000024,2.0604997807979064
GRFS,23.0700,23.1200,22.7700,22.8100,189960,11/16/17,0.14999999999999858,0.6619593998234712
GRFS,22.8700,22.9100,22.6400,22.6600,307727,11/15/17,-0.5199999999999996,-2.2433132010353733
GRFS,22.9500,23.2400,22.8300,23.1800,398436,11/14/17,0.379999999999999,1.6666666666666623
GRFS,22.8600,22.9700,22.5600,22.8000,440488,11/13/17,-0.33999999999999986,-1.4693171996542778
GRFS,22.8200,23.1400,22.6700,23.1400,299783,11/10/17,0.030000000000001137,0.1298139333621858
GRFS,22.9000,23.1500,22.7400,23.1100,474984,11/09/17,0.09999999999999787,0.4345936549326287
GRFS,23.1400,23.1900,22.8900,23.0100,658462,11/08/17,-0.2699999999999996,-1.1597938144329878
GRFS,23.1400,23.5800,23.1400,23.2800,488291,11/07/17,-0.29999999999999716,-1.272264631043245
GRFS,23.6700,23.7000,23.3600,23.5800,1.44 M,11/06/17,-0.3100000000000023,-1.2976140644621275
GRFS,23.3200,24.2000,23.2100,23.8900,1.25 M,11/03/17,0.6500000000000021,2.796901893287445
GRFS,22.2200,23.3500,22.2000,23.2400,1.06 M,11/02/17,0.03999999999999915,0.1724137931034446
GRFS,23.3900,23.5023,23.2000,23.2000,613076,11/01/17,-0.4499999999999993,-1.9027484143763185
GRFS,22.8300,23.6900,22.7600,23.6500,1.05 M,10/31/17,1.1999999999999993,5.345211581291757
GRFS,21.7900,22.4800,21.7900,22.4500,997183,10/30/17,0.9100000000000001,4.224698235840298
GRFS,21.4300,21.7300,21.4000,21.5400,523270,10/27/17,-0.07000000000000028,-0.323924109208701
GRFS,21.3100,21.7500,21.3000,21.6100,1.02 M,10/26/17,0.28999999999999915,1.3602251407129415
GRFS,21.3400,21.4600,21.0600,21.3200,538076,10/25/17,0.05999999999999872,0.2822201317027221
GRFS,21.2200,21.4000,21.2000,21.2600,515211,10/24/17,-0.08999999999999986,-0.4215456674473061
GRFS,21.3500,21.5100,21.2900,21.3500,441383,10/23/17,-0.2699999999999996,-1.2488436632747435
GRFS,21.4000,21.9500,21.2550,21.6200,1.07 M,10/20/17,0.1700000000000017,0.7925407925408006
GRFS,21.5100,21.5100,21.3400,21.4500,499587,10/19/17,-0.05000000000000071,-0.23255813953488702
GRFS,21.5000,21.5900,21.4000,21.5000,449140,10/18/17,-0.010000000000001563,-0.04649000464900773
GRFS,21.3400,21.5400,21.2400,21.5100,478828,10/17/17,0.010000000000001563,0.046511627906984016
GRFS,21.3100,21.5000,21.2300,21.5000,394350,10/16/17,0.3000000000000007,1.415094339622645
GRFS,21.1900,21.3100,21.1200,21.2000,333993,10/13/17,-0.010000000000001563,-0.047147571900054516
GRFS,21.3000,21.3200,21.0600,21.2100,347771,10/12/17,-0.05000000000000071,-0.2351834430856101
GRFS,21.1900,21.2900,21.1500,21.2600,244660,10/11/17,0.2700000000000031,1.2863268222963467
GRFS,21.0300,21.1600,20.8800,20.9900,548430,10/10/17,-0.19500000000000028,-0.9204625914562204
GRFS,21.1600,21.2900,21.0808,21.1850,372196,10/09/17,0.06499999999999773,0.3077651515151407
GRFS,21.3600,21.4400,21.1100,21.1200,280695,10/06/17,-0.35999999999999943,-1.6759776536312823
GRFS,21.3300,21.4900,21.2800,21.4800,343664,10/05/17,0.3000000000000007,1.4164305949008533
GRFS,21.2600,21.4200,21.0800,21.1800,635664,10/04/17,-0.2699999999999996,-1.2587412587412568
GRFS,21.5300,21.6300,21.3300,21.4500,350009,10/03/17,-0.22000000000000242,-1.0152284263959501
GRFS,21.5900,21.7710,21.3600,21.6700,1.10 M,10/02/17,-0.21999999999999886,-1.0050251256281355
GRFS,21.7000,21.9800,21.6700,21.8900,679790,09/29/17,0.07000000000000028,0.32080659945004714
GRFS,21.4100,21.9000,21.3600,21.8200,1.17 M,09/28/17,0.2699999999999996,1.2529002320185594
GRFS,21.2900,21.6400,21.1900,21.5500,1.09 M,09/27/17,0.22000000000000242,1.031411157993448
GRFS,20.9800,21.3700,20.8500,21.3300,941216,09/26/17,0.2099999999999973,0.994318181818169
GRFS,20.8400,21.1250,20.7750,21.1200,615507,09/25/17,0.14000000000000057,0.6673021925643496
GRFS,20.8000,21.0450,20.7900,20.9800,470373,09/22/17,0.21999999999999886,1.0597302504816901
GRFS,20.5100,20.7900,20.4500,20.7600,922432,09/21/17,-0.029999999999997584,-0.1443001443001327
GRFS,20.6100,20.8200,20.5600,20.7900,976730,09/20/17,0.00999999999999801,0.048123195380163665
GRFS,20.7800,20.8700,20.7100,20.7800,738342,09/19/17,0.019999999999999574,0.09633911368015208
GRFS,20.7400,20.8200,20.6600,20.7600,823233,09/18/17,0.020000000000003126,0.09643201542913755
GRFS,20.9900,21.0100,20.5200,20.7400,1.42 M,09/15/17,-0.6700000000000017,-3.129378794955636
GRFS,21.4100,21.5400,21.3700,21.4100,540621,09/14/17,-0.28999999999999915,-1.3364055299539133
GRFS,21.2100,21.7700,21.2100,21.7000,1.45 M,09/13/17,0.5399999999999991,2.55198487712665
GRFS,21.3500,21.4000,21.1500,21.1600,518611,09/12/17,-0.129999999999999,-0.6106153123532129
GRFS,21.4700,21.6975,21.1550,21.2900,884580,09/11/17,0.129999999999999,0.6143667296786343
GRFS,21.2400,21.3200,21.1100,21.1600,532706,09/08/17,-0.120000000000001,-0.5639097744360949
GRFS,21.1500,21.4400,21.1100,21.2800,597148,09/07/17,0.3500000000000014,1.6722408026755922
GRFS,20.7800,21.0300,20.7500,20.9300,1.26 M,09/06/17,0.35999999999999943,1.7501215362177902
GRFS,20.7700,20.8800,20.5100,20.5700,880870,09/05/17,-0.03999999999999915,-0.19408054342551745
GRFS,20.7100,20.9300,20.5450,20.6100,1.19 M,09/01/17,-0.03999999999999915,-0.1937046004842574
GRFS,20.4000,20.6700,20.3500,20.6500,907380,08/31/17,0.5,2.481389578163772
GRFS,20.2100,20.2400,20.1100,20.1500,567871,08/30/17,0.0799999999999983,0.39860488290980717
GRFS,20.2800,20.3086,20.0400,20.0700,325630,08/29/17,-0.259999999999998,-1.2788981800295034
GRFS,20.5600,20.5900,20.2700,20.3300,355907,08/28/17,-0.16000000000000014,-0.7808687164470481
GRFS,20.5200,20.7300,20.4300,20.4900,512592,08/25/17,0.23999999999999844,1.1851851851851776
GRFS,20.4600,20.5000,20.2100,20.2500,487321,08/24/17,-0.03999999999999915,-0.1971414489896459
GRFS,20.4600,20.5811,20.2800,20.2900,429595,08/23/17,-0.120000000000001,-0.5879470847623762
GRFS,20.3000,20.5200,20.2700,20.4100,554392,08/22/17,0.19000000000000128,0.9396636993076226
GRFS,20.4300,20.5000,20.2200,20.2200,371944,08/21/17,0.09999999999999787,0.49701789264412455
GRFS,20.2200,20.2800,20.1050,20.1200,228892,08/18/17,-0.16000000000000014,-0.788954635108482
GRFS,20.7100,20.8000,20.2400,20.2800,360931,08/17/17,-0.2099999999999973,-1.0248901903367365
GRFS,20.7800,20.8600,20.4600,20.4900,427324,08/16/17,-0.20000000000000284,-0.9666505558240833
GRFS,20.6900,20.8200,20.5100,20.6900,532154,08/15/17,0.120000000000001,0.5833738454059358
GRFS,20.6400,20.7000,20.5200,20.5700,227457,08/14/17,0.019999999999999574,0.09732360097323393
GRFS,20.3800,20.6700,20.3500,20.5500,222396,08/11/17,0.14000000000000057,0.6859382655561027
GRFS,20.5300,20.6200,20.3200,20.4100,418262,08/10/17,-0.28500000000000014,-1.377144237738585
GRFS,20.5700,20.7600,20.5300,20.6950,330784,08/09/17,-0.06500000000000128,-0.3131021194605071
GRFS,20.9300,21.0050,20.6900,20.7600,662961,08/08/17,-0.03999999999999915,-0.1923076923076882
GRFS,20.9400,20.9500,20.6700,20.8000,283969,08/07/17,-0.120000000000001,-0.5736137667304062
GRFS,20.9800,21.0500,20.7900,20.9200,150732,08/04/17,0.0,0.0
GRFS,20.8400,21.0000,20.8200,20.9200,240210,08/03/17,0.14000000000000057,0.6737247353224282
GRFS,20.8600,20.8900,20.6740,20.7800,301199,08/02/17,-0.05999999999999872,-0.2879078694817597
GRFS,20.9200,21.0900,20.8400,20.8400,591171,08/01/17,-0.10999999999999943,-0.5250596658711191
GRFS,20.7600,21.0850,20.6900,20.9500,409597,07/31/17,0.48999999999999844,2.3949169110459354
GRFS,20.6200,20.7450,20.3900,20.4600,504294,07/28/17,0.40000000000000213,1.9940179461615262
GRFS,20.3400,20.3400,19.9200,20.0600,471505,07/27/17,-0.08000000000000185,-0.39721946375373307
GRFS,20.1500,20.3600,20.1050,20.1400,534122,07/26/17,0.03999999999999915,0.19900497512437385
GRFS,20.5000,20.5000,20.0200,20.1000,901040,07/25/17,-0.2699999999999996,-1.3254786450662717
GRFS,20.4900,20.5900,20.3600,20.3700,320595,07/24/17,-0.3299999999999983,-1.5942028985507164
GRFS,20.8300,20.8700,20.5700,20.7000,820613,07/21/17,-0.22000000000000242,-1.0516252390057477
GRFS,20.9000,20.9700,20.7700,20.9200,450969,07/20/17,0.19000000000000128,0.9165460684997649
GRFS,20.8800,20.9750,20.6850,20.7300,280999,07/19/17,-0.07000000000000028,-0.3365384615384629
GRFS,20.8200,20.9100,20.5786,20.8000,393670,07/18/17,-0.1999999999999993,-0.952380952380949
GRFS,20.8900,21.0500,20.8900,21.0000,392070,07/17/17,0.120000000000001,0.5747126436781657
GRFS,20.8300,20.9800,20.7700,20.8800,228402,07/14/17,0.14000000000000057,0.67502410800386
GRFS,20.7900,20.8350,20.5950,20.7400,277259,07/13/17,-0.21000000000000085,-1.002386634844873
GRFS,20.6400,20.9750,20.5500,20.9500,547832,07/12/17,0.4800000000000004,2.344894968246216
GRFS,20.5000,20.6400,20.4250,20.4700,545572,07/11/17,-0.21000000000000085,-1.0154738878143175
GRFS,20.6400,20.8950,20.6400,20.6800,558731,07/10/17,0.0799999999999983,0.38834951456309846
GRFS,20.4200,20.6550,20.4000,20.6000,652182,07/07/17,0.1700000000000017,0.8321096426823382
GRFS,20.6200,20.7300,20.3900,20.4300,962373,07/06/17,-0.129999999999999,-0.6322957198443532
GRFS,20.9600,20.9600,20.4900,20.5600,1.01 M,07/05/17,-0.5300000000000011,-2.5130393551446235
GRFS,21.0400,21.1800,20.8700,21.0900,457310,07/03/17,-0.03999999999999915,-0.1893043066729728
GRFS,21.0700,21.2400,20.9650,21.1300,418148,06/30/17,-0.019999999999999574,-0.0945626477541351
GRFS,21.4900,21.5000,20.9000,21.1500,748387,06/29/17,-0.40000000000000213,-1.8561484918793603
GRFS,21.6000,21.7400,21.4600,21.5500,1.41 M,06/28/17,-0.03999999999999915,-0.18527095877720773
GRFS,21.9000,21.9000,21.5900,21.5900,834210,06/27/17,-0.2699999999999996,-1.2351326623970704
GRFS,22.3600,22.4054,21.8500,21.8600,466311,06/26/17,-0.46999999999999886,-2.104791759964169
GRFS,22.5300,22.6000,22.2400,22.3300,437226,06/23/17,-0.25,-1.1071744906997343
GRFS,22.5700,22.8250,22.5300,22.5800,679443,06/22/17,0.13999999999999702,0.6238859180035518
GRFS,21.7800,22.4500,21.7300,22.4400,523916,06/21/17,0.6799999999999997,3.1249999999999987
GRFS,21.7300,21.9700,21.7100,21.7600,714438,06/20/17,-0.05999999999999872,-0.27497708524289055
GRFS,21.4700,21.8600,21.4700,21.8200,256060,06/19/17,0.3999999999999986,1.8674136321195076
GRFS,21.2300,21.6600,21.2200,21.4200,966218,06/16/17,0.360000000000003,1.7094017094017238
GRFS,20.9200,21.1600,20.9000,21.0600,382098,06/15/17,-0.11000000000000298,-0.5196032120925979
GRFS,21.1600,21.5400,21.1500,21.1700,640056,06/14/17,0.20000000000000284,0.9537434430138428
GRFS,20.9500,21.0400,20.8600,20.9700,689127,06/13/17,0.03999999999999915,0.19111323459149138
GRFS,20.7400,20.9500,20.7100,20.9300,566307,06/12/17,0.129999999999999,0.6249999999999952
GRFS,20.7200,20.9800,20.2700,20.8000,1.14 M,06/09/17,-0.129999999999999,-0.6211180124223555
GRFS,21.1000,21.1699,20.8800,20.9300,405294,06/08/17,-0.21999999999999886,-1.040189125295503
GRFS,21.1900,21.2500,21.0000,21.1500,310578,06/07/17,-0.11000000000000298,-0.5174035747883489
GRFS,21.4200,21.4400,21.2300,21.2600,309355,06/06/17,-0.2099999999999973,-0.9781089892873652
GRFS,21.6200,21.7000,21.4500,21.4700,239647,06/05/17,-0.10999999999999943,-0.5097312326227963
GRFS,21.7200,21.7600,21.5450,21.5800,422641,06/02/17,-0.020000000000003126,-0.09259259259260706
GRFS,21.5000,21.6550,21.4300,21.6000,579813,06/01/17,0.14000000000000057,0.6523765144454826
GRFS,21.2600,21.4800,21.2600,21.4600,435272,05/31/17,0.33000000000000185,1.5617605300520676
GRFS,21.0900,21.5500,20.6500,21.1300,599315,05/30/17,-0.23000000000000043,-1.0767790262172305
GRFS,21.3700,21.4200,21.2800,21.3600,462517,05/26/17,-0.05000000000000071,-0.23353573096684124
GRFS,21.3000,21.5900,21.2800,21.4100,537362,05/25/17,0.19000000000000128,0.8953817153628713
GRFS,21.4000,21.4000,21.1800,21.2200,1.10 M,05/24/17,-0.20000000000000284,-0.9337068160597705
GRFS,21.5100,21.6600,21.3200,21.4200,604425,05/23/17,-0.0799999999999983,-0.372093023255806
GRFS,21.4300,21.6200,21.4000,21.5000,361729,05/22/17,0.03999999999999915,0.18639328984156173
GRFS,21.2500,21.5900,21.2200,21.4600,595655,05/19/17,0.4299999999999997,2.044698050404183
GRFS,20.9200,21.1900,20.8600,21.0300,1.09 M,05/18/17,-0.18999999999999773,-0.8953817153628546
GRFS,21.4600,21.5900,21.2100,21.2200,516159,05/17/17,-0.5600000000000023,-2.571166207529854
GRFS,21.3400,21.7800,21.2200,21.7800,1.09 M,05/16/17,0.6600000000000001,3.1250000000000004
GRFS,21.3500,21.3850,21.0400,21.1200,1.04 M,05/15/17,-0.00999999999999801,-0.04732607666823479
GRFS,21.4900,21.5000,21.1000,21.1300,557328,05/12/17,-0.0400000000000027,-0.18894662257913414
GRFS,21.3200,21.3600,21.0500,21.1700,808961,05/11/17,-0.259999999999998,-1.2132524498366684
GRFS,21.2800,21.4450,21.1800,21.4300,835026,05/10/17,0.019999999999999574,0.09341429238673318
GRFS,21.2300,21.4500,21.1400,21.4100,685356,05/09/17,0.05999999999999872,0.2810304449648652
GRFS,21.3400,21.4100,21.1900,21.3500,859035,05/08/17,-0.03999999999999915,-0.18700327255726576
GRFS,21.4700,21.4750,21.1700,21.3900,956202,05/05/17,-0.05999999999999872,-0.27972027972027375
GRFS,21.5700,21.6000,21.3400,21.4500,736470,05/04/17,0.09999999999999787,0.46838407494144196
GRFS,21.8000,21.8000,21.2400,21.3500,1.14 M,05/03/17,-0.4499999999999993,-2.0642201834862353
GRFS,21.8300,21.8950,21.7300,21.8000,1.34 M,05/02/17,-0.120000000000001,-0.5474452554744571
GRFS,21.7000,22.2500,21.7000,21.9200,1.38 M,05/01/17,0.21000000000000085,0.9672961768770191
GRFS,21.1600,21.7650,21.1300,21.7100,1.28 M,04/28/17,0.5399999999999991,2.5507794048181345
GRFS,21.0500,21.2300,21.0500,21.1700,402029,04/27/17,0.060000000000002274,0.28422548555188193
GRFS,20.7300,21.2700,20.7200,21.1100,804829,04/26/17,0.5,2.42600679281902
GRFS,20.4700,20.7000,20.4400,20.6100,628833,04/25/17,0.34999999999999787,1.727541954590315
GRFS,20.3200,20.4100,20.2400,20.2600,502856,04/24/17,0.3100000000000023,1.55388471177946
GRFS,19.8100,20.0100,19.7900,19.9500,781022,04/21/17,0.129999999999999,0.6559031281533754
GRFS,19.9000,19.9000,19.7000,19.8200,853962,04/20/17,0.0,0.0
GRFS,19.6600,20.0711,19.5800,19.8200,1.15 M,04/19/17,0.1700000000000017,0.8651399491094235
GRFS,19.5800,19.8000,19.4200,19.6500,1.14 M,04/18/17,0.00999999999999801,0.05091649694500005
GRFS,19.4200,19.7100,19.4068,19.6400,532439,04/17/17,0.10999999999999943,0.5632360471070119
GRFS,19.8900,20.0100,19.4400,19.5300,1.18 M,04/13/17,-0.21999999999999886,-1.1139240506329056
GRFS,19.3000,19.9200,19.2500,19.7500,1.92 M,04/12/17,0.4400000000000013,2.2786121180735437
GRFS,19.0300,19.3800,18.9900,19.3100,1.00 M,04/11/17,0.16000000000000014,0.8355091383812019
GRFS,19.0700,19.2500,19.0700,19.1500,486600,04/10/17,-0.030000000000001137,-0.15641293013556382
GRFS,18.7900,19.2800,18.7900,19.1800,699253,04/07/17,-0.08000000000000185,-0.41536863966771465
GRFS,18.9400,19.3300,18.9400,19.2600,714650,04/06/17,0.40000000000000213,2.1208907741251437
GRFS,18.9100,18.9601,18.7700,18.8600,937088,04/05/17,-0.10999999999999943,-0.5798629414865547
GRFS,18.9100,19.0100,18.8900,18.9700,374983,04/04/17,0.04999999999999716,0.26427061310780736
GRFS,18.8700,18.9600,18.7900,18.9200,734696,04/03/17,0.045000000000001705,0.2384105960264991
GRFS,18.7400,19.0465,18.5300,18.8750,810780,03/31/17,-0.15500000000000114,-0.8145034156594909
GRFS,18.6600,19.1600,18.4700,19.0300,1.12 M,03/30/17,0.8300000000000018,4.560439560439571
GRFS,18.1100,18.2400,18.1100,18.2000,624178,03/29/17,0.09999999999999787,0.552486187845292
GRFS,18.4400,18.5000,18.0900,18.1000,770662,03/28/17,-0.18999999999999773,-1.0388190267905835
GRFS,18.3600,18.4150,18.2310,18.2900,685839,03/27/17,0.25,1.385809312638581
GRFS,18.1000,18.2200,17.9850,18.0400,620219,03/24/17,0.07000000000000028,0.38953811908736946
GRFS,17.8300,18.0600,17.7500,17.9700,654961,03/23/17,0.2099999999999973,1.1824324324324171
GRFS,17.6500,17.7825,17.4900,17.7600,963442,03/22/17,0.4700000000000024,2.7183342972816797
GRFS,17.6900,17.7800,17.2800,17.2900,447360,03/21/17,-0.35999999999999943,-2.0396600566572207
GRFS,17.8600,17.9800,17.6400,17.6500,451634,03/20/17,-0.020000000000003126,-0.11318619128468095
GRFS,17.6000,17.9100,17.6000,17.6700,477863,03/17/17,0.3100000000000023,1.785714285714299
GRFS,17.5900,17.5900,17.3500,17.3600,329564,03/16/17,-0.060000000000002274,-0.3444316877152828
GRFS,17.3100,17.5500,17.2800,17.4200,414134,03/15/17,0.120000000000001,0.6936416184971156
GRFS,17.4500,17.4500,17.2400,17.3000,396956,03/14/17,-0.1999999999999993,-1.1428571428571388
GRFS,17.5300,17.5400,17.4000,17.5000,709421,03/13/17,-0.019999999999999574,-0.11415525114155008
GRFS,17.5500,17.5800,17.4500,17.5200,875628,03/10/17,0.0,0.0
GRFS,17.5300,17.6100,17.4400,17.5200,595747,03/09/17,0.03999999999999915,0.22883295194507522
GRFS,17.5600,17.5900,17.4200,17.4800,356810,03/08/17,-0.05000000000000071,-0.28522532800913125
GRFS,17.8100,17.8400,17.5200,17.5300,621862,03/07/17,-0.16999999999999815,-0.9604519774011195
GRFS,17.8900,17.9100,17.7000,17.7000,262332,03/06/17,-0.3000000000000007,-1.6666666666666705
GRFS,17.7700,18.0000,17.7100,18.0000,407939,03/03/17,0.3099999999999987,1.7524024872809423
GRFS,17.6500,17.7600,17.5700,17.6900,444913,03/02/17,0.05000000000000071,0.2834467120181446
GRFS,17.6800,17.7600,17.5400,17.6400,367533,03/01/17,0.240000000000002,1.3793103448275978
GRFS,17.5000,17.5000,17.3600,17.4000,300422,02/28/17,-0.08000000000000185,-0.45766590389017076
GRFS,17.4100,17.4900,17.3000,17.4800,374740,02/27/17,-0.019999999999999574,-0.11428571428571185
GRFS,17.4300,17.5050,17.3100,17.5000,279681,02/24/17,0.010000000000001563,0.05717552887365102
GRFS,17.4700,17.5500,17.4500,17.4900,287154,02/23/17,0.029999999999997584,0.17182130584191055
GRFS,17.4200,17.5600,17.3700,17.4600,384695,02/22/17,-0.00999999999999801,-0.05724098454492279
GRFS,17.3000,17.5000,17.1800,17.4700,351699,02/21/17,0.07000000000000028,0.4022988505747143
GRFS,17.4000,17.4400,17.2900,17.4000,188906,02/17/17,0.019999999999999574,0.11507479861909997
GRFS,17.5000,17.5100,17.2900,17.3800,421250,02/16/17,-0.10000000000000142,-0.5720823798627084
GRFS,17.3100,17.5000,17.3050,17.4800,359020,02/15/17,0.010000000000001563,0.05724098454494313
GRFS,17.2100,17.5000,17.2100,17.4700,646520,02/14/17,0.2099999999999973,1.2166859791425104
GRFS,17.3400,17.3500,17.2400,17.2600,203653,02/13/17,-0.029999999999997584,-0.17351069982647532
GRFS,17.2400,17.3700,17.1800,17.2900,507307,02/10/17,0.129999999999999,0.7575757575757518
GRFS,17.3500,17.4000,17.1300,17.1600,415675,02/09/17,-0.07000000000000028,-0.4062681369704021
GRFS,17.3500,17.3800,17.2000,17.2300,593426,02/08/17,-0.14000000000000057,-0.805987334484747
GRFS,17.3900,17.4300,17.3250,17.3700,760721,02/07/17,0.0,0.0
GRFS,17.3800,17.4300,17.3400,17.3700,348286,02/06/17,-0.05000000000000071,-0.28702640642939553
GRFS,17.3000,17.4300,17.2600,17.4200,511664,02/03/17,0.2700000000000031,1.5743440233236334
GRFS,17.1600,17.2067,17.0500,17.1500,730693,02/02/17,-0.060000000000002274,-0.3486345148169801
GRFS,17.0400,17.2200,16.8900,17.2100,1.47 M,02/01/17,0.21000000000000085,1.2352941176470638
GRFS,17.0900,17.1100,16.9400,17.0000,940839,01/31/17,0.129999999999999,0.7705986959098933
GRFS,17.2100,17.2100,16.8200,16.8700,580740,01/30/17,-0.33999999999999986,-1.9755955839628114
GRFS,17.1200,17.2650,17.0200,17.2100,561630,01/27/17,0.25,1.474056603773585
GRFS,17.0200,17.1100,16.9000,16.9600,544458,01/26/17,0.14000000000000057,0.8323424494649261
GRFS,16.9100,16.9500,16.7500,16.8200,427115,01/25/17,0.05000000000000071,0.2981514609421629
GRFS,16.8800,16.8900,16.7000,16.7700,682572,01/24/17,-0.1700000000000017,-1.0035419126328318
GRFS,16.8100,16.9800,16.8100,16.9400,316890,01/23/17,0.07000000000000028,0.4149377593361012
GRFS,16.8100,16.9200,16.7700,16.8700,574792,01/20/17,0.0400000000000027,0.23767082590613609
GRFS,16.9500,16.9900,16.7000,16.8300,982522,01/19/17,0.14999999999999858,0.8992805755395599
GRFS,16.7200,16.7900,16.6250,16.6800,362657,01/18/17,-0.14000000000000057,-0.8323424494649261
GRFS,16.7100,16.8500,16.5500,16.8200,458116,01/17/17,-0.07000000000000028,-0.41444641799881754
GRFS,16.7600,16.9300,16.7600,16.8900,704544,01/13/17,0.25,1.502403846153846
GRFS,16.6100,16.7100,16.5100,16.6400,637100,01/12/17,0.060000000000002274,0.3618817852834878
GRFS,16.7000,16.7900,16.3700,16.5800,781350,01/11/17,-0.20000000000000284,-1.1918951132300526
GRFS,16.8700,16.9300,16.7700,16.7800,632681,01/10/17,-0.11999999999999744,-0.7100591715976181
GRFS,16.9400,17.0600,16.8300,16.9000,1.03 M,01/09/17,-0.11000000000000298,-0.6466784244562197
GRFS,16.9500,17.1250,16.9100,17.0100,851326,01/06/17,0.0400000000000027,0.23571007660579082
GRFS,16.6200,17.2050,16.6100,16.9700,854835,01/05/17,0.2699999999999996,1.6167664670658657
GRFS,16.5300,16.7800,16.4000,16.7000,1.33 M,01/04/17,0.5999999999999979,3.726708074534148
GRFS,16.1300,16.2500,15.9000,16.1000,1.03 M,01/03/17,0.030000000000001137,0.18668326073429456
GRFS,15.9100,16.1200,15.9000,16.0700,474738,12/30/16,0.21000000000000085,1.3240857503152639
GRFS,15.9900,16.1200,15.8350,15.8600,805593,12/29/16,-0.0600000000000005,-0.3768844221105559
GRFS,15.8700,16.0600,15.8200,15.9200,487401,12/28/16,-0.15000000000000036,-0.9334163036714397
GRFS,16.0000,16.1200,15.9850,16.0700,373465,12/27/16,0.15000000000000036,0.9422110552763842
GRFS,15.8300,15.9900,15.7450,15.9200,649106,12/23/16,0.16999999999999993,1.0793650793650789
GRFS,15.4800,15.8100,15.4700,15.7500,518770,12/22/16,0.02999999999999936,0.19083969465648448
GRFS,15.5300,15.8200,15.5200,15.7200,615422,12/21/16,0.0600000000000005,0.38314176245211046
GRFS,15.6600,15.7600,15.4650,15.6600,1.03 M,12/20/16,0.019999999999999574,0.12787723785165966
GRFS,15.5600,15.7700,15.5600,15.6400,584342,12/19/16,0.040000000000000924,0.2564102564102623
GRFS,15.5900,15.7200,15.4900,15.6000,1.49 M,12/16/16,-0.009999999999999787,-0.06406149903907615
GRFS,15.2600,15.6600,15.2500,15.6100,1.60 M,12/15/16,1.0199999999999996,6.991089787525699
GRFS,14.6200,14.7300,14.5800,14.5900,690211,12/14/16,0.02999999999999936,0.20604395604395165
GRFS,14.6400,14.6700,14.5200,14.5600,663631,12/13/16,-0.129999999999999,-0.8849557522123827
GRFS,14.7300,14.7972,14.6400,14.6900,521510,12/12/16,-0.15000000000000036,-1.010781671159032
GRFS,14.7800,15.0400,14.7800,14.8400,1.27 M,12/09/16,0.09999999999999964,0.6784260515603775
GRFS,14.4700,14.7650,14.3300,14.7400,1.02 M,12/08/16,0.17999999999999972,1.2362637362637343
GRFS,14.6800,14.7600,14.4800,14.5600,582894,12/07/16,-0.08999999999999986,-0.6143344709897601
GRFS,14.8200,14.8900,14.6500,14.6500,2.16 M,12/06/16,-0.09999999999999964,-0.6779661016949129
GRFS,15.1000,15.1000,14.7400,14.7500,720881,12/05/16,-0.40000000000000036,-2.6402640264026425
GRFS,15.3000,15.3600,15.1500,15.1500,831213,12/02/16,-0.2599999999999998,-1.687216093445813
GRFS,15.6300,15.7500,15.2850,15.4100,4.33 M,12/01/16,-0.22000000000000064,-1.4075495841330814
GRFS,15.6500,15.8000,15.5900,15.6300,785257,11/30/16,-0.10999999999999943,-0.6988564167725504
GRFS,15.6200,15.8000,15.5500,15.7400,736384,11/29/16,0.09999999999999964,0.6393861892583097
GRFS,15.6000,15.6900,15.5100,15.6400,662954,11/28/16,0.120000000000001,0.7731958762886663
GRFS,15.3800,15.5600,15.3750,15.5200,514392,11/25/16,0.08000000000000007,0.5181347150259072
GRFS,15.0100,15.4600,14.9200,15.4400,1.29 M,11/23/16,0.0,0.0
GRFS,15.1500,15.4600,15.1000,15.4400,1.55 M,11/22/16,0.02999999999999936,0.19467878001297442
GRFS,15.2700,15.4700,15.2400,15.4100,720177,11/21/16,0.05000000000000071,0.325520833333338
GRFS,15.3800,15.4500,15.2700,15.3600,492730,11/18/16,-0.15000000000000036,-0.9671179883945864
GRFS,15.5100,15.5550,15.4700,15.5100,391031,11/17/16,0.07000000000000028,0.4533678756476702
GRFS,15.4100,15.5650,15.3500,15.4400,527308,11/16/16,-0.2599999999999998,-1.6560509554140115
GRFS,15.5500,15.7600,15.4500,15.7000,564169,11/15/16,-0.0600000000000005,-0.3807106598984803
GRFS,15.4700,15.8000,15.3400,15.7600,1.05 M,11/14/16,0.019999999999999574,0.12706480304955256
GRFS,15.6800,15.8000,15.4200,15.7400,1.08 M,11/11/16,-0.0600000000000005,-0.3797468354430411
GRFS,15.7200,16.0500,15.4900,15.8000,2.23 M,11/10/16,-0.5399999999999991,-3.3047735618115004
GRFS,15.1700,16.3900,15.1700,16.3400,2.89 M,11/09/16,1.0,6.51890482398957
GRFS,15.1600,15.4000,15.0500,15.3400,1.70 M,11/08/16,0.34999999999999964,2.334889926617743
GRFS,14.7200,15.0100,14.7200,14.9900,424103,11/07/16,0.39000000000000057,2.671232876712333
GRFS,14.5100,14.6400,14.5100,14.6000,553810,11/04/16,0.1399999999999988,0.9681881051175573
GRFS,14.6200,14.7300,14.4400,14.4600,726260,11/03/16,-0.20999999999999908,-1.4314928425357811
GRFS,14.6900,14.8700,14.6400,14.6700,1.35 M,11/02/16,0.07000000000000028,0.4794520547945225
GRFS,14.4400,14.6100,14.3600,14.6000,755785,11/01/16,0.3100000000000005,2.169349195241431
GRFS,14.5300,14.5300,14.2700,14.2900,801086,10/31/16,-0.21000000000000085,-1.4482758620689713
GRFS,14.7100,14.7200,14.5000,14.5000,423064,10/28/16,-0.15000000000000036,-1.0238907849829375
GRFS,14.9900,15.0300,14.6000,14.6500,773537,10/27/16,-0.16999999999999993,-1.1470985155195677
GRFS,14.9500,15.0000,14.8000,14.8200,1.11 M,10/26/16,-0.17999999999999972,-1.1999999999999982
GRFS,14.8800,15.0800,14.8300,15.0000,896813,10/25/16,-0.10999999999999943,-0.7279947054930472
GRFS,15.1200,15.2450,15.0400,15.1100,377171,10/24/16,-0.02000000000000135,-0.1321877065433004
GRFS,15.0700,15.1400,14.9550,15.1300,721385,10/21/16,0.07000000000000028,0.46480743691899257
GRFS,15.1300,15.2300,14.9350,15.0600,698256,10/20/16,-0.15000000000000036,-0.9861932938856038
GRFS,15.1500,15.3300,15.1100,15.2100,879248,10/19/16,-0.14999999999999858,-0.9765624999999908
GRFS,15.1500,15.3600,15.1100,15.3600,791962,10/18/16,0.25,1.654533421575116
GRFS,15.0000,15.1100,14.9600,15.1100,555489,10/17/16,0.05999999999999872,0.39867109634550646
GRFS,15.1900,15.1900,15.0500,15.0500,567035,10/14/16,-0.049999999999998934,-0.3311258278145625
GRFS,14.9200,15.2000,14.9200,15.1000,575483,10/13/16,0.0,0.0
GRFS,15.3800,15.4000,15.0100,15.1000,972579,10/12/16,-0.4299999999999997,-2.768834513844171
GRFS,15.7600,15.8100,15.4700,15.5300,975618,10/11/16,-0.3200000000000003,-2.0189274447949543
GRFS,15.6900,15.9150,15.6450,15.8500,278346,10/10/16,0.129999999999999,0.8269720101781107
GRFS,15.7400,15.8900,15.6000,15.7200,536961,10/07/16,0.009999999999999787,0.06365372374283759
GRFS,15.7500,15.8000,15.6000,15.7100,1.29 M,10/06/16,0.030000000000001137,0.19132653061225216
GRFS,15.8500,15.9900,15.6500,15.6800,417528,10/05/16,0.02999999999999936,0.1916932907348202
GRFS,15.9200,16.1000,15.5850,15.6500,2.92 M,10/04/16,-0.25,-1.572327044025157
GRFS,15.9700,16.0400,15.8400,15.9000,354812,10/03/16,-0.07000000000000028,-0.43832185347526786
GRFS,15.8400,16.0350,15.8200,15.9700,804802,09/30/16,0.16000000000000014,1.0120177103099313
GRFS,16.1600,16.2200,15.8050,15.8100,1.14 M,09/29/16,-0.22000000000000064,-1.372426699937621
GRFS,16.0600,16.1350,15.9600,16.0300,357696,09/28/16,-0.05999999999999872,-0.3729024238657472
GRFS,15.9100,16.1200,15.8700,16.0900,680524,09/27/16,0.11999999999999922,0.7514088916718799
GRFS,16.0500,16.1000,15.9700,15.9700,600596,09/26/16,-0.15999999999999837,-0.9919404835709756
GRFS,16.1500,16.2700,16.1300,16.1300,583321,09/23/16,-0.16000000000000014,-0.9821976672805411
GRFS,16.3200,16.3750,16.2750,16.2900,1.01 M,09/22/16,0.0,0.0
GRFS,16.2600,16.4150,16.0600,16.2900,1.14 M,09/21/16,0.029999999999997584,0.1845018450184353
GRFS,16.1700,16.3800,16.1700,16.2600,323776,09/20/16,0.18000000000000327,1.1194029850746474
GRFS,16.0800,16.1800,16.0300,16.0800,274549,09/19/16,0.0799999999999983,0.49999999999998934
GRFS,15.8500,16.0200,15.8000,16.0000,903169,09/16/16,0.02999999999999936,0.1878522229179672
GRFS,16.0600,16.1100,15.9100,15.9700,374919,09/15/16,-0.1399999999999988,-0.8690254500310292
GRFS,16.1500,16.2500,16.0300,16.1100,583945,09/14/16,0.0,0.0
GRFS,16.2700,16.2800,16.0050,16.1100,508546,09/13/16,-0.21999999999999886,-1.3472137170851126
GRFS,16.0700,16.3400,15.9600,16.3300,1.28 M,09/12/16,0.019999999999999574,0.1226241569589183
GRFS,16.3500,16.4300,16.2300,16.3100,1.09 M,09/09/16,-0.20000000000000284,-1.2113870381587089
GRFS,16.4500,16.5800,16.3900,16.5100,366849,09/08/16,0.060000000000002274,0.36474164133739984
GRFS,16.0500,16.4650,16.0500,16.4500,590843,09/07/16,0.3999999999999986,2.4922118380062215
GRFS,16.0100,16.1100,15.8900,16.0500,335407,09/06/16,0.010000000000001563,0.06234413965088257
GRFS,15.9900,16.0900,15.9700,16.0400,310139,09/02/16,0.1349999999999998,0.8487896887771128
GRFS,15.8900,15.9400,15.7700,15.9050,445243,09/01/16,-0.005000000000000782,-0.031426775612827036
GRFS,15.9000,15.9900,15.8100,15.9100,447258,08/31/16,-0.07000000000000028,-0.4380475594493134
GRFS,16.0100,16.1100,15.9600,15.9800,202416,08/30/16,-0.03999999999999915,-0.24968789013732304
GRFS,16.0000,16.0600,15.9400,16.0200,419578,08/29/16,-0.05000000000000071,-0.31113876789048356
GRFS,16.2400,16.3300,15.9750,16.0700,650248,08/26/16,-0.16000000000000014,-0.9858287122612455
GRFS,16.3000,16.4000,16.1100,16.2300,604531,08/25/16,-0.07000000000000028,-0.42944785276073794
GRFS,16.5500,16.6700,16.2300,16.3000,1.63 M,08/24/16,-0.2699999999999996,-1.6294508147254048
GRFS,16.6000,16.6600,16.5450,16.5700,420415,08/23/16,0.10999999999999943,0.6682867557715639
GRFS,16.4500,16.5150,16.3700,16.4600,494212,08/22/16,0.060000000000002274,0.36585365853659924
GRFS,16.2400,16.4800,16.2300,16.4000,326863,08/19/16,0.0,0.0
GRFS,16.4400,16.4700,16.3400,16.4000,734215,08/18/16,-0.05000000000000071,-0.30395136778115933
GRFS,16.5400,16.5600,16.4300,16.4500,736256,08/17/16,-0.10999999999999943,-0.6642512077294652
GRFS,16.6700,16.7100,16.5500,16.5600,690138,08/16/16,-0.05000000000000071,-0.30102347983143113
GRFS,16.7200,16.7950,16.5700,16.6100,564366,08/15/16,-0.010000000000001563,-0.06016847172082769
GRFS,16.5900,16.6500,16.5350,16.6200,180110,08/12/16,0.0400000000000027,0.24125452352233234
GRFS,16.6300,16.6600,16.4800,16.5800,1.22 M,08/11/16,0.00999999999999801,0.06035003017500308
GRFS,16.6900,16.7300,16.5200,16.5700,952877,08/10/16,-0.03999999999999915,-0.24081878386513636
GRFS,16.6200,16.6990,16.5000,16.6100,920293,08/09/16,0.030000000000001137,0.1809408926417439
GRFS,16.4900,16.6000,16.4650,16.5800,798853,08/08/16,0.00999999999999801,0.06035003017500308
GRFS,16.5100,16.6000,16.4500,16.5700,467137,08/05/16,0.120000000000001,0.7294832826747781
GRFS,16.4600,16.5300,16.3700,16.4500,501720,08/04/16,0.00999999999999801,0.0608272506082604
GRFS,16.4100,16.4500,16.2790,16.4400,612445,08/03/16,-0.13999999999999702,-0.8443908323280882
GRFS,16.8300,16.8300,16.4800,16.5800,798577,08/02/16,-0.18000000000000327,-1.0739856801909502
GRFS,16.9500,17.0500,16.7100,16.7600,1.24 M,08/01/16,-0.17999999999999972,-1.0625737898465153
GRFS,16.7300,16.9500,16.6750,16.9400,947904,07/29/16,0.3000000000000007,1.8028846153846196
GRFS,16.8600,17.0200,16.5100,16.6400,1.60 M,07/28/16,-0.6099999999999994,-3.5362318840579676
GRFS,17.1500,17.2600,17.1300,17.2500,793230,07/27/16,0.16000000000000014,0.9362200117027509
GRFS,16.9500,17.1500,16.9300,17.0900,907120,07/26/16,0.08999999999999986,0.5294117647058815
GRFS,17.1000,17.1200,16.9800,17.0000,1.08 M,07/25/16,0.05000000000000071,0.29498525073746734
GRFS,16.9500,17.0250,16.8750,16.9500,962603,07/22/16,0.03999999999999915,0.23654642223535866
GRFS,16.9200,16.9500,16.7500,16.9100,1.39 M,07/21/16,0.07000000000000028,0.4156769596199542
GRFS,16.8300,16.9000,16.7900,16.8400,1.03 M,07/20/16,0.05000000000000071,0.29779630732579343
GRFS,16.8500,16.9000,16.7350,16.7900,939930,07/19/16,0.029999999999997584,0.1789976133651407
GRFS,16.7500,16.9150,16.7300,16.7600,711910,07/18/16,0.05000000000000071,0.29922202274087795
GRFS,16.7900,16.8050,16.6600,16.7100,1.61 M,07/15/16,-0.16999999999999815,-1.0071090047393256
GRFS,16.8500,16.9100,16.7400,16.8800,1.10 M,07/14/16,-0.07000000000000028,-0.4129793510324501
GRFS,16.9200,17.0500,16.8300,16.9500,1.25 M,07/13/16,0.0,0.0
GRFS,16.9500,17.0000,16.8700,16.9500,986330,07/12/16,-0.129999999999999,-0.7611241217798538
GRFS,17.1000,17.1400,17.0100,17.0800,818629,07/11/16,0.1599999999999966,0.9456264775413509
GRFS,16.7500,16.9300,16.6800,16.9200,654648,07/08/16,0.2700000000000031,1.6216216216216406
GRFS,16.6100,16.7500,16.5600,16.6500,387597,07/07/16,0.10999999999999943,0.6650544135429228
GRFS,16.2300,16.5500,16.1690,16.5400,586418,07/06/16,0.0,0.0
GRFS,16.6100,16.6300,16.4900,16.5400,905424,07/05/16,-0.23000000000000043,-1.371496720333932
GRFS,16.7700,16.8000,16.6800,16.7700,496542,07/01/16,0.09999999999999787,0.5998800239951881
GRFS,16.4000,16.6700,16.1300,16.6700,980344,06/30/16,0.7800000000000011,4.90874764002518
GRFS,16.1300,16.2000,15.8300,15.8900,611420,06/29/16,0.41000000000000014,2.64857881136951
GRFS,15.6600,15.8300,15.3700,15.4800,944387,06/28/16,0.4800000000000004,3.200000000000003
GRFS,15.3900,15.4100,14.9200,15.0000,1.27 M,06/27/16,-0.5,-3.225806451612903
GRFS,15.5000,15.6600,15.4000,15.5000,1.80 M,06/24/16,-0.5799999999999983,-3.606965174129343
GRFS,16.1100,16.1400,15.8750,16.0800,1.88 M,06/23/16,0.259999999999998,1.6434892541087105
GRFS,15.6900,16.1500,15.6500,15.8200,1.03 M,06/22/16,0.33000000000000007,2.1304067140090384
GRFS,15.7200,15.7800,15.4300,15.4900,969977,06/21/16,-0.08999999999999986,-0.5776636713735549
GRFS,15.9000,16.0100,15.5450,15.5800,908979,06/20/16,0.10999999999999943,0.7110536522301191
GRFS,15.9000,16.0300,15.4500,15.4700,1.18 M,06/17/16,-0.3099999999999987,-1.96451204055766
GRFS,15.8000,15.8500,15.6600,15.7800,602513,06/16/16,-0.16000000000000014,-1.0037641154328742
GRFS,16.1400,16.1800,15.9150,15.9400,659553,06/15/16,-0.2300000000000022,-1.4223871366728644
GRFS,16.3500,16.3500,16.1100,16.1700,882374,06/14/16,-0.4399999999999977,-2.6490066225165427
GRFS,16.6800,16.7400,16.5400,16.6100,1.24 M,06/13/16,-0.3500000000000014,-2.0636792452830273
GRFS,16.9000,17.0600,16.8300,16.9600,1.20 M,06/10/16,-0.23000000000000043,-1.3379872018615497
GRFS,17.1200,17.2500,17.0600,17.1900,1.92 M,06/09/16,-0.10999999999999943,-0.635838150289014
GRFS,17.2900,17.3100,17.1550,17.3000,1.81 M,06/08/16,0.0,0.0
GRFS,17.1700,17.4000,17.1100,17.3000,1.60 M,06/07/16,0.129999999999999,0.7571345369831042
GRFS,16.9100,17.1700,16.8300,17.1700,1.03 M,06/06/16,0.26000000000000156,1.5375517445298732
GRFS,16.7700,17.0000,16.6600,16.9100,2.86 M,06/03/16,0.07000000000000028,0.4156769596199542
GRFS,16.5200,16.8500,16.3900,16.8400,1.15 M,06/02/16,-0.120000000000001,-0.7075471698113266
GRFS,16.4900,16.9700,16.4500,16.9600,1.79 M,06/01/16,0.4299999999999997,2.6013309134906213
GRFS,16.1100,16.5900,16.1100,16.5300,2.07 M,05/31/16,0.4299999999999997,2.6708074534161472
GRFS,15.9900,16.1600,15.8700,16.1000,1.53 M,05/27/16,0.13000000000000078,0.8140262993112134
GRFS,15.8400,16.0300,15.7900,15.9700,1.61 M,05/26/16,0.1800000000000015,1.139962001266634
GRFS,15.6200,15.8300,15.6200,15.7900,1.01 M,05/25/16,0.21999999999999886,1.4129736673089202
GRFS,15.1400,15.6500,15.1200,15.5700,2.70 M,05/24/16,0.33999999999999986,2.232435981615232
GRFS,15.0000,15.3300,14.9900,15.2300,4.04 M,05/23/16,0.39000000000000057,2.628032345013481
GRFS,14.6700,14.9700,14.6700,14.8400,435584,05/20/16,0.3000000000000007,2.0632737276478728
GRFS,14.7100,14.7400,14.4500,14.5400,576182,05/19/16,-0.23000000000000043,-1.5572105619499015
GRFS,14.7000,14.7900,14.6400,14.7700,743731,05/18/16,0.16999999999999993,1.1643835616438352
GRFS,14.8600,14.8800,14.5400,14.6000,551887,05/17/16,-0.3000000000000007,-2.013422818791951
GRFS,14.7600,14.9350,14.6900,14.9000,847376,05/16/16,0.120000000000001,0.8119079837618471
GRFS,14.8000,14.8800,14.6750,14.7800,681437,05/13/16,-0.10000000000000142,-0.6720430107526977
GRFS,14.9700,15.0200,14.8300,14.8800,1.14 M,05/12/16,-0.019999999999999574,-0.13422818791946023
GRFS,15.0000,15.0500,14.8800,14.9000,521250,05/11/16,-0.16999999999999993,-1.1280690112806897
GRFS,15.0700,15.1697,14.9650,15.0700,797034,05/10/16,0.0600000000000005,0.39973351099267485
GRFS,14.9500,15.1500,14.9500,15.0100,751585,05/09/16,0.09999999999999964,0.6706908115358796
GRFS,15.2400,15.2400,14.8000,14.9100,796453,05/06/16,-0.34999999999999964,-2.293577981651374
GRFS,15.2900,15.3100,15.0900,15.2600,1.26 M,05/05/16,0.019999999999999574,0.13123359580052213
GRFS,15.6900,15.7100,15.2100,15.2400,2.46 M,05/04/16,-0.6199999999999992,-3.909205548549806
GRFS,15.7700,15.9100,15.6600,15.8600,1.76 M,05/03/16,-0.040000000000000924,-0.251572327044031
GRFS,15.6400,15.9100,15.6400,15.9000,1.80 M,05/02/16,0.17999999999999972,1.1450381679389294
GRFS,15.7500,15.7950,15.5900,15.7200,1.19 M,04/29/16,-0.049999999999998934,-0.31705770450221266
GRFS,15.8000,15.8800,15.5800,15.7700,1.59 M,04/28/16,-0.15000000000000036,-0.9422110552763842
GRFS,15.9600,16.0800,15.8300,15.9200,629652,04/27/16,-0.009999999999999787,-0.06277463904582414
GRFS,16.0200,16.0300,15.8400,15.9300,1.85 M,04/26/16,-0.120000000000001,-0.7476635514018753
GRFS,15.8300,16.0600,15.7400,16.0500,2.82 M,04/25/16,0.16000000000000014,1.0069225928256773
GRFS,15.7400,15.9900,15.7000,15.8900,1.80 M,04/22/16,0.13000000000000078,0.8248730964467055
GRFS,15.5100,15.8400,15.5100,15.7600,2.92 M,04/21/16,0.27999999999999936,1.808785529715758
GRFS,15.5400,15.6700,15.4250,15.4800,1.21 M,04/20/16,-0.09999999999999964,-0.6418485237483931
GRFS,15.6000,15.7000,15.4950,15.5800,1.42 M,04/19/16,0.040000000000000924,0.25740025740026334
GRFS,15.3500,15.5600,15.3200,15.5400,1.63 M,04/18/16,0.2599999999999998,1.7015706806282709
GRFS,15.4200,15.4200,15.2300,15.2800,1.33 M,04/15/16,-0.22000000000000064,-1.4193548387096815
GRFS,15.4200,15.6100,15.2800,15.5000,1.25 M,04/14/16,0.09999999999999964,0.649350649350647
GRFS,15.3300,15.5100,15.0900,15.4000,1.37 M,04/13/16,-0.0600000000000005,-0.38809831824062413
GRFS,15.3200,15.5000,15.2000,15.4600,1.53 M,04/12/16,-0.019999999999999574,-0.12919896640826598
GRFS,15.6100,15.6800,15.4400,15.4800,1.18 M,04/11/16,-0.11999999999999922,-0.7692307692307643
GRFS,15.7500,15.7500,15.5300,15.6000,4.48 M,04/08/16,0.0,0.0
GRFS,15.5400,15.7600,15.4600,15.6000,3.14 M,04/07/16,0.16000000000000014,1.0362694300518145
GRFS,15.3500,15.4400,15.3300,15.4400,3.48 M,04/06/16,0.10999999999999943,0.7175472928897549
GRFS,15.4700,15.5400,15.3000,15.3300,1.74 M,04/05/16,-0.16999999999999993,-1.0967741935483866
GRFS,15.7400,15.7700,15.4700,15.5000,2.65 M,04/04/16,0.02999999999999936,0.1939237233354839
GRFS,15.0700,15.5600,15.0700,15.4700,912179,04/01/16,0.0,0.0
GRFS,15.4900,15.6300,15.3200,15.4700,1.74 M,03/31/16,-0.06999999999999851,-0.45045045045044085
GRFS,15.4800,15.6550,15.4700,15.5400,866997,03/30/16,0.3199999999999985,2.1024967148488733
GRFS,15.1000,15.2400,15.0350,15.2200,1.68 M,03/29/16,0.13000000000000078,0.8614976805831729
GRFS,15.0800,15.3100,15.0500,15.0900,278821,03/28/16,0.019999999999999574,0.13271400132713718
GRFS,15.0500,15.3400,15.0100,15.0700,798567,03/24/16,-0.08000000000000007,-0.5280528052805286
GRFS,15.3700,15.4700,15.1300,15.1500,714984,03/23/16,-0.08999999999999986,-0.5905511811023613
GRFS,15.0600,15.3299,15.0600,15.2400,1.32 M,03/22/16,0.08999999999999986,0.5940594059405931
GRFS,15.2400,15.3900,15.1100,15.1500,1.55 M,03/21/16,-0.019999999999999574,-0.13183915622939732
GRFS,15.1200,15.2500,15.0400,15.1700,1.29 M,03/18/16,0.05000000000000071,0.3306878306878354
GRFS,15.1400,15.2700,14.9900,15.1200,349957,03/17/16,0.02999999999999936,0.19880715705764984
GRFS,15.0000,15.1600,14.9350,15.0900,439805,03/16/16,0.03999999999999915,0.26578073089700427
GRFS,15.2200,15.2500,14.9900,15.0500,589368,03/15/16,-0.28999999999999915,-1.8904823989569697
GRFS,15.2200,15.4900,15.2000,15.3400,794420,03/14/16,-0.009999999999999787,-0.06514657980455887
GRFS,15.2000,15.4000,15.1500,15.3500,593579,03/11/16,0.25,1.6556291390728477
GRFS,15.3100,15.5100,14.9800,15.1000,689134,03/10/16,-0.120000000000001,-0.7884362680683377
GRFS,15.3900,15.4000,15.1800,15.2200,519916,03/09/16,-0.1999999999999993,-1.2970168612191912
GRFS,15.5400,15.5800,15.2600,15.4200,3.60 M,03/08/16,0.0600000000000005,0.3906250000000033
GRFS,15.2800,15.5400,15.2100,15.3600,2.78 M,03/07/16,0.1399999999999988,0.9198423127463784
GRFS,15.7700,15.7700,15.1500,15.2200,1.46 M,03/04/16,-0.2699999999999996,-1.7430600387346646
GRFS,15.5000,15.6900,15.3200,15.4900,842819,03/03/16,0.0,0.0
GRFS,15.2600,15.5900,15.2400,15.4900,817278,03/02/16,0.040000000000000924,0.2588996763754105
GRFS,15.5000,15.5600,15.2900,15.4500,656056,03/01/16,-0.15000000000000036,-0.9615384615384638
GRFS,15.5900,15.9400,15.5300,15.6000,2.14 M,02/29/16,-0.019999999999999574,-0.12804097311139293
GRFS,15.5600,15.6800,15.4800,15.6200,602996,02/26/16,-0.02000000000000135,-0.12787723785167104
GRFS,15.4300,15.6800,15.3300,15.6400,1.38 M,02/25/16,0.27000000000000135,1.7566688353936328
GRFS,15.0000,15.3900,14.8200,15.3700,817328,02/24/16,0.05999999999999872,0.3919007184846422
GRFS,15.2100,15.4800,15.1700,15.3100,476263,02/23/16,0.07000000000000028,0.45931758530183914
GRFS,15.2100,15.2900,15.0399,15.2400,564040,02/22/16,0.08000000000000007,0.5277044854881271
GRFS,15.0200,15.2900,14.9500,15.1600,458400,02/19/16,0.019999999999999574,0.13210039630118608
GRFS,15.4000,15.5000,15.0900,15.1400,755080,02/18/16,-0.20999999999999908,-1.3680781758957594
GRFS,15.2100,15.3900,15.0700,15.3500,661871,02/17/16,0.33000000000000007,2.197070572569907
GRFS,14.7300,15.1500,14.6100,15.0200,617167,02/16/16,0.34999999999999964,2.3858214042263097
GRFS,14.4800,14.7000,14.3000,14.6700,629069,02/12/16,0.17999999999999972,1.2422360248447186
GRFS,14.5800,14.7200,14.3720,14.4900,719405,02/11/16,-0.07000000000000028,-0.4807692307692327
GRFS,14.6900,14.9200,14.5100,14.5600,678992,02/10/16,-0.009999999999999787,-0.06863417982154967
GRFS,14.3400,14.8400,14.3400,14.5700,907449,02/09/16,0.13000000000000078,0.9002770083102547
GRFS,14.8900,14.8900,14.2900,14.4400,1.84 M,02/08/16,-0.8499999999999996,-5.559189012426421
GRFS,14.6900,15.4200,14.2100,15.2900,4.09 M,02/05/16,0.5099999999999998,3.45060893098782
GRFS,14.6800,15.0000,14.5200,14.7800,1.60 M,02/04/16,0.08000000000000007,0.5442176870748304
GRFS,14.5200,14.7000,14.0700,14.7000,1.40 M,02/03/16,0.34999999999999964,2.4390243902439
GRFS,14.6900,14.7999,14.1500,14.3500,1.89 M,02/02/16,-0.23000000000000043,-1.577503429355284
GRFS,14.8700,14.9600,14.4500,14.5800,1.07 M,02/01/16,0.0600000000000005,0.4132231404958712
GRFS,14.5400,14.8700,14.2800,14.5200,1.79 M,01/29/16,0.3200000000000003,2.2535211267605657
GRFS,14.8700,14.9200,14.1500,14.2000,805204,01/28/16,-0.46000000000000085,-3.137789904502052
GRFS,14.9900,15.1540,14.6200,14.6600,475913,01/27/16,-0.3000000000000007,-2.005347593582892
GRFS,14.9400,15.0000,14.7600,14.9600,311763,01/26/16,-0.049999999999998934,-0.3331112591605525
GRFS,14.9800,15.2274,14.9500,15.0100,673413,01/25/16,0.0600000000000005,0.4013377926421438
GRFS,14.8800,15.0300,14.8300,14.9500,813961,01/22/16,0.23999999999999844,1.6315431679129737
GRFS,14.7900,14.9000,14.6200,14.7100,812860,01/21/16,-0.16999999999999993,-1.1424731182795693
GRFS,14.8100,15.0300,14.5000,14.8800,1.08 M,01/20/16,-0.06999999999999851,-0.4682274247491539
GRFS,14.8800,15.0600,14.7540,14.9500,1.12 M,01/19/16,0.02999999999999936,0.20107238605897695
GRFS,14.7800,15.0300,14.6400,14.9200,2.39 M,01/15/16,-0.2699999999999996,-1.7774851876234337
GRFS,15.0900,15.3900,14.8800,15.1900,836921,01/14/16,0.25,1.673360107095047
GRFS,15.3400,15.3700,14.8000,14.9400,586152,01/13/16,-0.33999999999999986,-2.225130890052355
GRFS,15.2600,15.3500,15.0600,15.2800,508753,01/12/16,0.16999999999999993,1.1250827266710783
GRFS,15.4700,15.5800,14.9800,15.1100,909171,01/11/16,-0.3000000000000007,-1.9467878001297905
GRFS,15.7100,15.8200,15.3600,15.4100,682375,01/08/16,-0.1899999999999995,-1.2179487179487147
GRFS,15.8700,15.9601,15.6000,15.6000,1.07 M,01/07/16,-0.5099999999999998,-3.1657355679702035
GRFS,15.5700,16.1900,15.5700,16.1100,1.42 M,01/06/16,0.2599999999999998,1.6403785488958977
GRFS,15.9900,16.0200,15.5100,15.8500,1.33 M,01/05/16,-0.13000000000000078,-0.8135168961201551
GRFS,16.0000,16.1400,15.5100,15.9800,1.23 M,01/04/16,-0.21999999999999886,-1.3580246913580178
GRFS,16.4200,16.4749,16.1500,16.2000,382088,12/31/15,-0.22500000000000142,-1.3698630136986387
GRFS,16.5800,16.6150,16.4050,16.4250,217718,12/30/15,-0.1999999999999993,-1.2030075187969882
GRFS,16.4400,16.6450,16.4400,16.6250,612836,12/29/15,0.379999999999999,2.3391812865497013
GRFS,16.3700,16.4350,16.2000,16.2450,382374,12/28/15,-0.16499999999999915,-1.005484460694693
GRFS,16.3600,16.4850,16.3400,16.4100,167294,12/24/15,0.06500000000000128,0.397675130009185
GRFS,16.2550,16.4400,16.1650,16.3450,467820,12/23/15,0.19500000000000028,1.2074303405572775
GRFS,16.1300,16.2500,16.0100,16.1500,565558,12/22/15,0.11499999999999844,0.71718116619893
GRFS,16.0650,16.3000,15.9700,16.0350,953370,12/21/15,0.09999999999999964,0.6275494195167847
GRFS,16.1100,16.2400,15.9200,15.9350,1.39 M,12/18/15,-0.35499999999999865,-2.1792510742786906
GRFS,16.4350,16.5400,16.2750,16.2900,973470,12/17/15,-0.14499999999999957,-0.8822634621235144
GRFS,16.4750,16.5250,16.3100,16.4350,1.07 M,12/16/15,0.11999999999999744,0.7355194606190465
GRFS,16.4700,16.5700,16.2450,16.3150,759890,12/15/15,-0.00999999999999801,-0.06125574272586837
GRFS,16.2150,16.3650,16.1650,16.3250,392092,12/14/15,0.09999999999999787,0.6163328197226371
GRFS,16.5350,16.6250,16.2100,16.2250,614532,12/11/15,-0.2749999999999986,-1.666666666666658
GRFS,16.5200,16.6000,16.4100,16.5000,1.22 M,12/10/15,-0.28000000000000114,-1.6686531585220568
GRFS,17.1050,17.1950,16.7600,16.7800,1.06 M,12/09/15,-0.3099999999999987,-1.813926272674071
GRFS,17.2500,17.3050,17.0550,17.0900,474938,12/08/15,-0.26000000000000156,-1.4985590778098072
GRFS,17.5000,17.5350,17.2620,17.3500,539176,12/07/15,-0.23499999999999943,-1.3363662212112564
GRFS,17.2850,17.6750,17.2850,17.5850,2.18 M,12/04/15,0.2699999999999996,1.5593416113196625
GRFS,17.4250,17.5150,17.2100,17.3150,1.96 M,12/03/15,-0.0849999999999973,-0.4885057471264213
GRFS,17.3300,17.6200,17.3300,17.4000,1.65 M,12/02/15,0.09999999999999787,0.5780346820809125
GRFS,17.4000,17.4000,17.2450,17.3000,1.37 M,12/01/15,-0.07499999999999929,-0.43165467625898873
GRFS,17.4000,17.5250,17.3200,17.3750,1.82 M,11/30/15,-0.02499999999999858,-0.14367816091953206
GRFS,17.4700,17.5350,17.3700,17.4000,1.38 M,11/27/15,0.054999999999999716,0.3170942634765046
GRFS,17.4400,17.5450,17.2500,17.3450,562502,11/25/15,0.08999999999999986,0.521587945523036
GRFS,17.2150,17.3050,17.1150,17.2550,1.11 M,11/24/15,-0.019999999999999574,-0.11577424023154602
GRFS,17.3500,17.4900,17.2214,17.2750,297550,11/23/15,0.014999999999997016,0.086906141367306
GRFS,16.9050,17.2650,16.8050,17.2600,1.56 M,11/20/15,-0.00999999999999801,-0.057903879559919
GRFS,17.4950,17.6400,17.0700,17.2700,2.27 M,11/19/15,-0.23000000000000043,-1.3142857142857167
GRFS,17.5600,17.6000,17.3900,17.5000,602548,11/18/15,-0.010000000000001563,-0.05711022272987757
GRFS,17.4750,17.6200,17.4000,17.5100,347906,11/17/15,-0.019999999999999574,-0.11409013120364844
GRFS,17.5400,17.6450,17.4300,17.5300,649276,11/16/15,-0.17999999999999972,-1.0163749294184061
GRFS,17.4750,17.8100,17.4000,17.7100,1.19 M,11/13/15,-0.03500000000000014,-0.1972386587771211
GRFS,17.2800,17.8950,17.1700,17.7450,3.12 M,11/12/15,0.3100000000000023,1.7780326928592045
GRFS,17.5500,17.6250,17.4200,17.4350,5.11 M,11/11/15,-0.07500000000000284,-0.42832667047403106
GRFS,17.3200,17.5600,17.2900,17.5100,1.31 M,11/10/15,0.02500000000000213,0.1429796968830548
GRFS,17.4050,17.5000,17.3200,17.4850,349378,11/09/15,-0.02500000000000213,-0.14277555682468376
GRFS,17.4050,17.5800,17.3300,17.5100,1.96 M,11/06/15,0.08500000000000085,0.48780487804878536
GRFS,17.9350,17.9350,17.3850,17.4250,1.26 M,11/05/15,-0.36499999999999844,-2.0517144463181474
GRFS,17.9550,18.0400,17.7300,17.7900,3.43 M,11/04/15,0.11999999999999744,0.679117147707965
GRFS,17.5450,17.7450,17.4100,17.6700,821226,11/03/15,0.07500000000000284,0.42625745950555755
GRFS,17.3850,17.6650,17.3300,17.5950,1.10 M,11/02/15,0.18999999999999773,1.0916403332375624
GRFS,17.2800,17.5300,17.2500,17.4050,370580,10/30/15,0.10500000000000043,0.6069364161849735
GRFS,17.2850,17.4000,17.2300,17.3000,700800,10/29/15,-0.16000000000000014,-0.9163802978235975
GRFS,17.4250,17.5000,17.2400,17.4600,378224,10/28/15,0.10000000000000142,0.5760368663594552
GRFS,17.1750,17.3950,17.0500,17.3600,331484,10/27/15,0.05999999999999872,0.3468208092485475
GRFS,17.2850,17.4650,17.2150,17.3000,287014,10/26/15,-0.03500000000000014,-0.20190366310931723
GRFS,17.1450,17.3700,17.0400,17.3350,699600,10/23/15,0.22000000000000242,1.2854221443178642
GRFS,16.9100,17.2450,16.8750,17.1150,794220,10/22/15,0.22499999999999787,1.332149200710467
GRFS,16.8000,16.9950,16.6750,16.8900,1.09 M,10/21/15,0.13500000000000156,0.8057296329453988
GRFS,16.8750,16.9250,16.6200,16.7550,584018,10/20/15,-0.13000000000000256,-0.7699141249629999
GRFS,16.6850,17.1500,16.6800,16.8850,653214,10/19/15,0.20500000000000185,1.2290167865707544
GRFS,16.7950,16.9050,16.5600,16.6800,5.56 M,10/16/15,-0.06500000000000128,-0.38817557479845494
GRFS,16.3850,16.7800,16.3850,16.7450,908048,10/15/15,0.6799999999999997,4.232804232804231
GRFS,16.2350,16.3900,15.9800,16.0650,952848,10/14/15,-0.16499999999999915,-1.0166358595194032
GRFS,16.1900,16.4000,16.1800,16.2300,827634,10/13/15,-0.054999999999999716,-0.3377341111452239
GRFS,16.3500,16.4250,16.2050,16.2850,488974,10/12/15,-0.010000000000001563,-0.061368517950301085
GRFS,16.0850,16.3000,16.0800,16.2950,530914,10/09/15,0.06500000000000128,0.4004929143561385
GRFS,15.9850,16.2300,15.8405,16.2300,354974,10/08/15,0.120000000000001,0.7448789571694662
GRFS,15.8150,16.2600,15.6800,16.1100,938900,10/07/15,0.21999999999999886,1.384518565135298
GRFS,15.9400,16.0050,15.7900,15.8900,992144,10/06/15,0.054999999999999716,0.3473318598042293
GRFS,16.0450,16.1950,15.8050,15.8350,646436,10/05/15,-0.014999999999998792,-0.09463722397475578
GRFS,15.3600,15.8650,15.3350,15.8500,660740,10/02/15,0.3949999999999996,2.5558071821416988
GRFS,15.4750,15.5150,15.2025,15.4550,1.14 M,10/01/15,0.2550000000000008,1.6776315789473737
GRFS,15.5250,15.6950,15.0225,15.2000,2.45 M,09/30/15,0.03999999999999915,0.2638522427440577
GRFS,15.4750,15.7875,15.0675,15.1600,2.00 M,09/29/15,-0.4399999999999995,-2.8205128205128176
GRFS,15.8000,15.9200,15.4450,15.6000,1.30 M,09/28/15,-0.41999999999999993,-2.6217228464419473
GRFS,16.2650,16.3100,15.8150,16.0200,891608,09/25/15,-0.15500000000000114,-0.9582689335394197
GRFS,16.0050,16.2900,15.9600,16.1750,555934,09/24/15,0.02500000000000213,0.15479876160992034
GRFS,16.0300,16.1750,15.9400,16.1500,609894,09/23/15,-0.125,-0.7680491551459294
GRFS,16.2650,16.3700,16.0800,16.2750,840974,09/22/15,-0.38500000000000156,-2.3109243697479087
GRFS,16.8200,16.9350,16.5250,16.6600,802918,09/21/15,-0.010000000000001563,-0.059988002399529464
GRFS,16.7900,16.8850,16.6250,16.6700,1.00 M,09/18/15,-0.10999999999999943,-0.6555423122765163
GRFS,16.7000,16.9450,16.6400,16.7800,596572,09/17/15,0.28000000000000114,1.696969696969704
GRFS,16.4950,16.5650,16.3200,16.5000,880510,09/16/15,0.254999999999999,1.5697137580794027
GRFS,16.1950,16.3200,16.0850,16.2450,548376,09/15/15,0.17999999999999972,1.120448179271707
GRFS,16.2450,16.2500,15.9100,16.0650,591144,09/14/15,-0.00999999999999801,-0.06220839813373568
GRFS,16.0850,16.2500,16.0000,16.0750,1.54 M,09/11/15,0.2024999999999988,1.275791463222547
GRFS,15.9400,16.1550,15.7750,15.8725,2.35 M,09/10/15,0.07750000000000057,0.4906616017727165
GRFS,16.0250,16.0500,15.7500,15.7950,704086,09/09/15,-0.13000000000000078,-0.8163265306122498
GRFS,15.8400,15.9700,15.7100,15.9250,1.04 M,09/08/15,0.5850000000000009,3.8135593220339037
GRFS,15.4150,15.5050,15.2400,15.3400,1.22 M,09/04/15,-0.16500000000000092,-1.0641728474685643
GRFS,15.6300,15.7800,15.4400,15.5050,1.54 M,09/03/15,0.5900000000000016,3.955749245725791
GRFS,14.8900,15.0300,14.7950,14.9150,1.12 M,09/02/15,0.16999999999999993,1.1529331976941333
GRFS,14.8800,15.0100,14.7400,14.7450,1.12 M,09/01/15,-0.40000000000000036,-2.641135688345991
GRFS,15.3500,15.4250,15.1150,15.1450,365134,08/31/15,-0.17999999999999972,-1.174551386623163
GRFS,15.2550,15.4400,15.2250,15.3250,818498,08/28/15,-0.07000000000000028,-0.4546930821695374
GRFS,15.3450,15.4950,15.1550,15.3950,899352,08/27/15,0.14499999999999957,0.9508196721311447
GRFS,15.4750,15.5200,15.0200,15.2500,540640,08/26/15,-0.10999999999999943,-0.7161458333333297
GRFS,15.3600,15.5300,15.2300,15.3600,625610,08/25/15,0.3949999999999996,2.639492148346138
GRFS,14.7450,15.4900,14.5300,14.9650,1.02 M,08/24/15,-0.1850000000000005,-1.2211221122112244
GRFS,15.5500,15.7400,15.1500,15.1500,552004,08/21/15,-0.20500000000000007,-1.3350700097688053
GRFS,15.8200,15.8800,15.3550,15.3550,354900,08/20/15,-0.5749999999999993,-3.609541745134961
GRFS,16.1400,16.2250,15.8600,15.9300,461732,08/19/15,-0.379999999999999,-2.3298589822194913
GRFS,16.3150,16.5950,16.2000,16.3100,1.16 M,08/18/15,0.264999999999997,1.6516048613274976
GRFS,15.9650,16.1250,15.8850,16.0450,905878,08/17/15,-0.11499999999999844,-0.7116336633663269
GRFS,16.3550,16.4850,16.1200,16.1600,304502,08/14/15,-0.3150000000000013,-1.9119878603945448
GRFS,16.2100,16.6050,16.1650,16.4750,347574,08/13/15,0.08500000000000085,0.518608907870658
GRFS,16.2900,16.4550,16.1000,16.3900,278940,08/12/15,-0.04499999999999815,-0.2738059020383216
GRFS,16.2800,16.6150,16.2050,16.4350,338162,08/11/15,-0.11500000000000199,-0.6948640483383806
GRFS,16.3800,16.5700,16.3800,16.5500,400674,08/10/15,0.16000000000000014,0.9762050030506415
GRFS,16.0100,16.4350,16.0100,16.3900,749282,08/07/15,0.39500000000000135,2.4695217255392397
GRFS,16.4400,16.5900,15.9600,15.9950,665820,08/06/15,-0.5250000000000004,-3.1779661016949174
GRFS,16.4200,16.7000,16.4200,16.5200,788240,08/05/15,0.19500000000000028,1.1944869831546725
GRFS,16.4750,16.6400,16.2550,16.3250,551182,08/04/15,-0.14000000000000057,-0.8502884907379324
GRFS,16.4350,16.5800,16.4100,16.4650,663720,08/03/15,0.23999999999999844,1.4791987673343507
GRFS,16.4450,16.4650,16.1725,16.2250,723136,07/31/15,-0.22499999999999787,-1.3677811550151846
GRFS,16.1900,16.4800,16.1400,16.4500,1.26 M,07/30/15,0.7899999999999991,5.044699872286074
GRFS,15.9750,15.9750,15.5350,15.6600,294176,07/29/15,-0.22499999999999964,-1.4164305949008476
GRFS,15.9100,15.9450,15.7450,15.8850,1.20 M,07/28/15,0.019999999999999574,0.12606366214938275
GRFS,15.8950,16.0000,15.6800,15.8650,619728,07/27/15,0.15499999999999936,0.9866327180139997
GRFS,15.9800,16.0500,15.6650,15.7100,357240,07/24/15,-0.254999999999999,-1.5972439711869653
GRFS,15.9600,16.0900,15.8050,15.9650,613752,07/23/15,0.019999999999999574,0.12543116964565426
GRFS,16.0750,16.1200,15.8800,15.9450,1.23 M,07/22/15,-0.08500000000000085,-0.5302557704304482
GRFS,16.3700,16.3700,15.9750,16.0300,655782,07/21/15,-0.26500000000000057,-1.626265725682728
GRFS,16.3900,16.5500,16.2200,16.2950,1.37 M,07/20/15,0.23000000000000043,1.4316837846249637
GRFS,16.2800,16.3400,16.0550,16.0650,2.31 M,07/17/15,-0.18499999999999872,-1.1384615384615306
GRFS,16.2250,16.4550,16.2200,16.2500,1.30 M,07/16/15,0.45500000000000007,2.8806584362139924
GRFS,16.1200,16.1900,15.7450,15.7950,679046,07/15/15,-0.35499999999999865,-2.1981424148606727
GRFS,15.9400,16.2350,15.9400,16.1500,909848,07/14/15,0.40999999999999837,2.6048284625158726
GRFS,15.7850,15.8650,15.7000,15.7400,471854,07/13/15,0.09999999999999964,0.6393861892583097
GRFS,15.7200,15.8135,15.5900,15.6400,796708,07/10/15,0.2350000000000012,1.5254787406686219
GRFS,15.5000,15.6050,15.3850,15.4050,879920,07/09/15,0.22999999999999865,1.515650741350897
GRFS,15.3300,15.3600,15.1400,15.1750,558500,07/08/15,-0.21999999999999886,-1.4290354011042472
GRFS,15.3050,15.4250,15.1025,15.3950,313042,07/07/15,0.0649999999999995,0.42400521852576323
GRFS,15.1050,15.4150,15.1050,15.3300,385650,07/06/15,-0.08499999999999908,-0.5514109633473829
GRFS,15.4700,15.6750,15.3850,15.4150,282582,07/02/15,-0.120000000000001,-0.772449308014168
GRFS,15.7950,15.9400,15.4500,15.5350,328192,07/01/15,0.05000000000000071,0.322893122376498
GRFS,15.5300,15.6650,15.3849,15.4850,522320,06/30/15,0.09999999999999964,0.6499837504062376
GRFS,15.3150,15.5200,15.2850,15.3850,582282,06/29/15,-0.005000000000000782,-0.03248862897986213
GRFS,15.9900,16.0800,15.3350,15.3900,811714,06/26/15,-0.3899999999999988,-2.471482889733833
GRFS,15.9750,15.9800,15.7500,15.7800,333252,06/25/15,-0.15000000000000036,-0.9416195856873846
GRFS,15.7000,16.1300,15.5550,15.9300,876082,06/24/15,-0.07499999999999929,-0.4686035613870621
GRFS,16.1250,16.2250,15.9850,16.0050,397582,06/23/15,-0.045000000000001705,-0.28037383177571157
GRFS,15.9200,16.1900,15.9200,16.0500,795586,06/22/15,0.5650000000000013,3.6486922828543835
GRFS,15.6800,15.7350,15.4250,15.4850,1.51 M,06/19/15,0.0,0.0
GRFS,15.4800,15.7250,15.4350,15.4850,693806,06/18/15,0.25,1.6409583196586808
GRFS,15.3150,15.5350,15.1050,15.2350,622646,06/17/15,-0.2400000000000002,-1.5508885298869157
GRFS,15.3900,15.6800,15.3900,15.4750,915792,06/16/15,0.27500000000000036,1.8092105263157918
GRFS,15.3350,15.4800,15.0750,15.2000,802594,06/15/15,-0.39000000000000057,-2.501603592046187
GRFS,15.6050,15.6250,15.4950,15.5900,658782,06/12/15,-0.3949999999999996,-2.471066624960898
GRFS,15.9700,16.0350,15.8300,15.9850,499886,06/11/15,-0.10000000000000142,-0.62169723344732
GRFS,15.8650,16.1600,15.7950,16.0850,1.39 M,06/10/15,0.46500000000000163,2.9769526248399596
GRFS,15.4150,15.6400,15.2800,15.6200,941012,06/09/15,0.3699999999999992,2.426229508196716
GRFS,15.5400,15.5450,15.2500,15.2500,815324,06/08/15,-0.3550000000000004,-2.2749118872156386
GRFS,15.9400,15.9400,15.5600,15.6050,779506,06/05/15,-0.4800000000000004,-2.984146720547096
GRFS,16.3700,16.4150,15.8650,16.0850,407186,06/04/15,-0.26500000000000057,-1.6207951070336424
GRFS,16.3150,16.4950,16.2639,16.3500,638328,06/03/15,0.125,0.7704160246533127
GRFS,16.0500,16.3650,16.0500,16.2250,590278,06/02/15,0.27000000000000135,1.692259479786909
GRFS,15.9800,15.9925,15.7775,15.9550,474058,06/01/15,0.054999999999999716,0.3459119496855328
GRFS,16.0000,16.0250,15.8200,15.9000,572630,05/29/15,-0.09999999999999964,-0.6249999999999978
GRFS,16.1550,16.1550,15.8450,16.0000,535404,05/28/15,-0.010000000000001563,-0.062460961898823
GRFS,16.0250,16.2100,15.9800,16.0100,878452,05/27/15,-0.019999999999999574,-0.12476606363068979
GRFS,16.2250,16.2700,15.8700,16.0300,607794,05/26/15,-0.3999999999999986,-2.434570906877654
GRFS,16.4050,16.4850,16.2550,16.4300,332220,05/22/15,0.06500000000000128,0.397189123128636
GRFS,16.5000,16.5250,16.2300,16.3650,558458,05/21/15,-0.020000000000003126,-0.12206286237414174
GRFS,16.4300,16.5100,16.3600,16.3850,546994,05/20/15,-0.054999999999999716,-0.33454987834549704
GRFS,16.4800,16.5500,16.3400,16.4400,350428,05/19/15,0.0,0.0
GRFS,16.4550,16.5400,16.3050,16.4400,476164,05/18/15,0.019999999999999574,0.12180267965894989
GRFS,16.4050,16.4650,16.2250,16.4200,539268,05/15/15,0.09500000000000242,0.58192955589588
GRFS,16.3400,16.3800,16.1500,16.3250,860852,05/14/15,0.08999999999999986,0.5543578688019702
GRFS,16.3650,16.4350,16.2025,16.2350,635246,05/13/15,0.10999999999999943,0.6821705426356554
GRFS,16.0750,16.2850,16.0500,16.1250,657444,05/12/15,0.06500000000000128,0.40473225404733054
GRFS,16.0400,16.1675,15.9750,16.0600,638614,05/11/15,0.05999999999999872,0.374999999999992
GRFS,15.8900,16.3100,15.8650,16.0000,1.85 M,05/08/15,0.009999999999999787,0.0625390869293295
GRFS,15.6700,16.0800,15.6075,15.9900,1.03 M,05/07/15,0.17999999999999972,1.1385199240986699
GRFS,15.9100,16.0950,15.7400,15.8100,735208,05/06/15,-0.025000000000000355,-0.15787811809283456
GRFS,15.9700,16.0700,15.7450,15.8350,385764,05/05/15,-0.18999999999999773,-1.1856474258970218
GRFS,15.9900,16.3300,15.9750,16.0250,1.45 M,05/04/15,0.09499999999999886,0.596359070935335
GRFS,15.9900,16.1275,15.7950,15.9300,578150,05/01/15,0.025000000000000355,0.15718327569946783
GRFS,16.2050,16.3200,15.8050,15.9050,1.19 M,04/30/15,-0.16000000000000192,-0.9959539371304196
GRFS,16.1500,16.3500,16.0050,16.0650,1.24 M,04/29/15,0.005000000000002558,0.031133250311348434
GRFS,16.2750,16.3850,15.9600,16.0600,2.32 M,04/28/15,-0.32500000000000284,-1.9835215135795106
GRFS,17.0350,17.1300,16.3350,16.3850,1.47 M,04/27/15,-0.5649999999999977,-3.33333333333332
GRFS,16.9200,17.1300,16.8150,16.9500,732354,04/24/15,0.16000000000000014,0.9529481834425262
GRFS,16.7800,16.8950,16.6400,16.7900,334320,04/23/15,-0.11500000000000199,-0.6802721088435492
GRFS,17.0100,17.1262,16.9000,16.9050,692462,04/22/15,-0.09499999999999886,-0.5588235294117581
GRFS,17.0350,17.1450,16.9600,17.0000,919672,04/21/15,0.18499999999999872,1.1002081474873548
GRFS,16.9950,17.0600,16.7600,16.8150,890506,04/20/15,-0.3049999999999997,-1.7815420560747646
GRFS,17.1700,17.2000,17.0050,17.1200,1.79 M,04/17/15,-0.23999999999999844,-1.382488479262664
GRFS,17.5200,17.5200,17.3000,17.3600,380016,04/16/15,-0.06500000000000128,-0.3730272596843689
GRFS,17.2900,17.5200,17.2450,17.4250,709948,04/15/15,0.19000000000000128,1.1024078909196477
GRFS,17.1600,17.3175,16.9900,17.2350,1.23 M,04/14/15,0.23000000000000043,1.3525433695971798
GRFS,17.2100,17.4400,16.9750,17.0050,1.32 M,04/13/15,-0.2950000000000017,-1.705202312138738
GRFS,17.2150,17.3700,17.1050,17.3000,751242,04/10/15,0.10000000000000142,0.5813953488372176
GRFS,17.1850,17.2450,16.9900,17.2000,1.02 M,04/09/15,0.3249999999999993,1.9259259259259218
GRFS,16.6800,16.9100,16.6650,16.8750,1.07 M,04/08/15,0.33999999999999986,2.0562443302086475
GRFS,16.8050,16.9100,16.5050,16.5350,1.94 M,04/07/15,0.0,0.0
GRFS,16.6700,16.9200,16.4550,16.5350,684642,04/06/15,-0.23999999999999844,-1.4307004470938804
GRFS,16.8650,17.0150,16.7501,16.7750,1.11 M,04/02/15,0.129999999999999,0.7810153199158847
GRFS,16.7000,16.8850,16.5300,16.6450,1.42 M,04/01/15,0.23999999999999844,1.4629686071319623
GRFS,16.5800,16.7000,16.3800,16.4050,654814,03/31/15,-0.379999999999999,-2.263926124515931
GRFS,16.7100,16.8650,16.6000,16.7850,820232,03/30/15,0.23999999999999844,1.450589301903889
GRFS,16.2850,16.7250,16.2850,16.5450,1.07 M,03/27/15,0.3450000000000024,2.1296296296296444
GRFS,16.5750,16.6800,16.1800,16.2000,1.14 M,03/26/15,-0.48499999999999943,-2.9068025172310428
GRFS,17.1500,17.1750,16.6850,16.6850,1.11 M,03/25/15,-0.5050000000000026,-2.9377545084351513
GRFS,17.0300,17.4200,16.9300,17.1900,2.26 M,03/24/15,0.365000000000002,2.1693907875185854
GRFS,16.8750,17.0700,16.6450,16.8250,1.76 M,03/23/15,0.17999999999999972,1.081405827575847
GRFS,17.0050,17.1200,16.6200,16.6450,2.41 M,03/20/15,0.14999999999999858,0.9093664746892911
GRFS,16.2550,16.6225,16.2225,16.4950,1.40 M,03/19/15,0.25500000000000256,1.5701970443349913
GRFS,16.6050,16.6350,16.2150,16.2400,1.81 M,03/18/15,-0.23500000000000298,-1.4264036418816568
GRFS,16.5250,16.6950,16.3350,16.4750,504680,03/17/15,-0.019999999999999574,-0.12124886329190404
GRFS,16.5400,16.7100,16.3350,16.4950,1.14 M,03/16/15,0.22500000000000142,1.382913337430863
GRFS,16.2350,16.3150,16.0950,16.2700,1.60 M,03/13/15,0.07499999999999929,0.46310589688174925
GRFS,16.0000,16.2800,15.9600,16.1950,1.78 M,03/12/15,0.4450000000000003,2.8253968253968273
GRFS,15.7500,15.8350,15.6375,15.7500,722850,03/11/15,0.0649999999999995,0.41440867070449156
GRFS,15.6700,15.8350,15.4850,15.6850,1.19 M,03/10/15,-0.16000000000000014,-1.0097822656989595
GRFS,16.0000,16.1500,15.7600,15.8450,527204,03/09/15,-0.10499999999999865,-0.6583072100313395
GRFS,16.1150,16.2300,15.8451,15.9500,1.05 M,03/06/15,-0.1999999999999993,-1.2383900928792526
GRFS,16.2350,16.4900,16.1100,16.1500,3.12 M,03/05/15,0.21499999999999808,1.3492312519610798
GRFS,16.0000,16.1600,15.7550,15.9350,2.21 M,03/04/15,-0.025000000000000355,-0.15664160401002727
GRFS,16.1200,16.3100,15.8600,15.9600,4.33 M,03/03/15,0.05500000000000149,0.3458032065388337
GRFS,16.4500,16.4500,15.8950,15.9050,791536,03/02/15,-0.47499999999999964,-2.899877899877898
GRFS,16.8400,16.8500,16.3350,16.3800,856102,02/27/15,-0.27500000000000213,-1.6511558090663592
GRFS,17.2050,17.3400,16.6300,16.6550,995774,02/26/15,-0.28249999999999886,-1.667896678966783
GRFS,17.1700,17.3350,16.9350,16.9375,1.27 M,02/25/15,-0.15249999999999986,-0.8923346986541829
GRFS,17.6200,17.6500,16.8850,17.0900,1.34 M,02/24/15,-0.5199999999999996,-2.952867688813172
GRFS,17.7150,18.0000,17.5550,17.6100,2.60 M,02/23/15,0.00999999999999801,0.05681818181817051
GRFS,17.6000,17.6950,17.3550,17.6000,576930,02/20/15,-0.17499999999999716,-0.9845288326300825
GRFS,17.3700,17.9700,17.3625,17.7750,3.18 M,02/19/15,0.3299999999999983,1.8916595012897581
GRFS,17.4100,17.6250,17.3325,17.4450,571578,02/18/15,0.019999999999999574,0.11477761836441648
GRFS,17.3350,17.4250,17.2000,17.4250,821536,02/17/15,0.10000000000000142,0.5772005772005854
GRFS,17.3600,17.4000,17.1550,17.3250,651550,02/13/15,0.14000000000000057,0.8146639511201663
GRFS,16.6700,17.2100,16.6700,17.1850,726796,02/12/15,0.04499999999999815,0.2625437572928714
GRFS,16.8900,17.3000,16.7550,17.1400,2.09 M,02/11/15,-0.09999999999999787,-0.5800464037122847
GRFS,17.3050,17.4150,17.1851,17.2400,2.40 M,02/10/15,0.0849999999999973,0.49548236665693557
GRFS,16.9500,17.3450,16.9500,17.1550,1.26 M,02/09/15,0.060000000000002274,0.35097981866044037
GRFS,17.1550,17.3050,16.9750,17.0950,640596,02/06/15,-0.10500000000000043,-0.6104651162790723
GRFS,17.0550,17.3950,17.0550,17.2000,554056,02/05/15,0.04499999999999815,0.26231419411249285
GRFS,17.1100,17.3850,16.8650,17.1550,1.07 M,02/04/15,-0.14499999999999957,-0.8381502890173386
GRFS,17.2550,17.3450,16.9750,17.3000,1.25 M,02/03/15,0.129999999999999,0.7571345369831042
GRFS,17.2950,17.4200,16.9775,17.1700,747876,02/02/15,-0.05999999999999872,-0.34822983168890725
GRFS,17.3150,17.5300,17.1950,17.2300,641238,01/30/15,-0.07499999999999929,-0.4334007512279647
GRFS,17.5250,17.5250,17.1350,17.3050,582884,01/29/15,-0.11500000000000199,-0.6601607347876118
GRFS,17.6350,17.7950,17.3850,17.4200,595722,01/28/15,-0.05999999999999872,-0.3432494279176128
GRFS,17.4600,17.5650,17.3650,17.4800,630334,01/27/15,0.03999999999999915,0.22935779816513271
GRFS,17.0250,17.4700,16.9950,17.4400,1.24 M,01/26/15,0.4800000000000004,2.8301886792452855
GRFS,16.8400,17.0300,16.6050,16.9600,499138,01/23/15,-0.03999999999999915,-0.2352941176470538
GRFS,16.8900,17.1350,16.6700,17.0000,523050,01/22/15,0.030000000000001137,0.17678255745433788
GRFS,17.1550,17.4000,16.5850,16.9700,1.35 M,01/21/15,-0.14000000000000057,-0.8182349503214528
GRFS,17.2800,17.5300,17.0950,17.1100,1.26 M,01/20/15,0.23499999999999943,1.3925925925925893
GRFS,16.5850,16.9950,16.3750,16.8750,2.08 M,01/16/15,0.125,0.746268656716418
GRFS,16.6600,16.7750,16.4950,16.7500,841648,01/15/15,0.08999999999999986,0.540216086434573
GRFS,16.3450,16.7550,16.2700,16.6600,586852,01/14/15,0.10000000000000142,0.6038647342995256
GRFS,16.2950,16.7600,16.2725,16.5600,802024,01/13/15,0.389999999999997,2.41187384044525
GRFS,16.0050,16.2700,15.8950,16.1700,1.08 M,01/12/15,0.1700000000000017,1.0625000000000107
GRFS,16.0450,16.5150,15.9100,16.0000,829320,01/09/15,-0.14999999999999858,-0.928792569659434
GRFS,16.1500,16.4000,15.9450,16.1500,733564,01/08/15,0.17999999999999794,1.1271133375078142
GRFS,15.9950,16.1800,15.7300,15.9700,915056,01/07/15,-0.10499999999999865,-0.6531881804043462
GRFS,16.2650,16.4750,15.8750,16.0750,875614,01/06/15,-0.23499999999999943,-1.4408338442673172
GRFS,16.7050,16.8550,16.2500,16.3100,601924,01/05/15,-0.9050000000000011,-5.257043276212612
GRFS,17.1800,17.3750,17.0550,17.2150,249136,01/02/15,0.21999999999999886,1.294498381877016
GRFS,17.2050,17.4000,16.9550,16.9950,317676,12/31/14,-0.10500000000000043,-0.6140350877193007
GRFS,17.2800,17.3800,16.9600,17.1000,371280,12/30/14,-0.24499999999999744,-1.4125108100316948
GRFS,17.3150,17.4100,17.2200,17.3450,302552,12/29/14,0.0849999999999973,0.4924681344148163
GRFS,17.1700,17.3700,17.0600,17.2600,144090,12/26/14,0.13000000000000256,0.7589025102160103
GRFS,17.1500,17.2950,16.8751,17.1300,201044,12/24/14,0.16499999999999915,0.9725906277630365
GRFS,17.5750,17.7200,16.8243,16.9650,605102,12/23/14,-0.7800000000000011,-4.395604395604402
GRFS,17.6300,17.9000,17.5000,17.7450,412672,12/22/14,-0.019999999999999574,-0.11258091753447551
GRFS,17.2950,17.8300,17.1550,17.7650,1.62 M,12/19/14,0.38500000000000156,2.2151898734177307
GRFS,16.5750,17.3850,16.5499,17.3800,1.02 M,12/18/14,0.6750000000000007,4.04070637533673
GRFS,16.4100,16.7100,16.3000,16.7050,960754,12/17/14,0.28999999999999915,1.7666768199817189
GRFS,16.5350,16.6650,16.3400,16.4150,1.26 M,12/16/14,0.5749999999999993,3.6300505050505008
GRFS,15.9650,16.0700,15.7675,15.8400,1.10 M,12/15/14,-0.1349999999999998,-0.8450704225352099
GRFS,16.7650,16.9315,15.9500,15.9750,748280,12/12/14,-0.39500000000000135,-2.412950519242525
GRFS,16.5200,16.6600,16.2100,16.3700,662008,12/11/14,-0.2699999999999996,-1.6225961538461513
GRFS,16.7850,16.9050,16.6150,16.6400,587230,12/10/14,-0.1750000000000007,-1.040737436812374
GRFS,16.5900,16.9550,16.3550,16.8150,693192,12/09/14,0.05000000000000071,0.29824038174769285
GRFS,17.1350,17.1950,16.6150,16.7650,601218,12/08/14,-0.4299999999999997,-2.500726955510321
GRFS,17.0650,17.2200,16.9200,17.1950,777322,12/05/14,-0.10000000000000142,-0.5782017924255647
GRFS,17.2800,17.5250,17.1850,17.2950,822974,12/04/14,-0.09499999999999886,-0.5462909718228801
GRFS,18.2250,18.2400,17.3200,17.3900,1.39 M,12/03/14,-0.6099999999999994,-3.3888888888888857
GRFS,18.0700,18.3000,17.9758,18.0000,1.15 M,12/02/14,-0.3299999999999983,-1.8003273322422166
GRFS,18.6400,18.6550,18.1950,18.3300,785512,12/01/14,-0.2900000000000027,-1.5574650912996921
GRFS,18.6050,18.6300,18.3600,18.6200,377860,11/28/14,0.10000000000000142,0.5399568034557313
GRFS,18.4000,18.6450,18.4000,18.5200,221196,11/26/14,0.07000000000000028,0.37940379403794194
GRFS,18.4550,18.5975,18.3450,18.4500,441360,11/25/14,0.019999999999999574,0.10851871947910784
GRFS,18.5150,18.8000,18.3800,18.4300,399940,11/24/14,0.019999999999999574,0.10863661053774891
GRFS,18.3500,18.6050,18.2800,18.4100,343146,11/21/14,0.129999999999999,0.7111597374179376
GRFS,18.1000,18.4000,18.0150,18.2800,340092,11/20/14,0.08999999999999986,0.4947773501924126
GRFS,18.5900,18.5900,18.1800,18.1900,932534,11/19/14,-0.34999999999999787,-1.8878101402373133
GRFS,18.1750,18.5900,18.1750,18.5400,555486,11/18/14,0.39000000000000057,2.148760330578516
GRFS,18.0900,18.4050,18.0875,18.1500,413198,11/17/14,0.06499999999999773,0.3594138789051574
GRFS,18.1050,18.2250,17.9050,18.0850,580180,11/14/14,-0.16499999999999915,-0.9041095890410912
GRFS,18.0400,18.3400,18.0200,18.2500,611072,11/13/14,0.23499999999999943,1.3044684984734911
GRFS,17.9000,18.0550,17.7400,18.0150,599422,11/12/14,-0.134999999999998,-0.7438016528925511
GRFS,17.9750,18.1800,17.9750,18.1500,859522,11/11/14,0.2049999999999983,1.1423794928949473
GRFS,17.7250,17.9850,17.6200,17.9450,1.01 M,11/10/14,0.10999999999999943,0.6167647883375353
GRFS,17.9700,18.0400,17.6250,17.8350,4.30 M,11/07/14,-0.34499999999999886,-1.8976897689768915
GRFS,17.8450,18.2850,17.8450,18.1800,4.94 M,11/06/14,0.41000000000000014,2.3072594259988755
GRFS,17.7200,18.0100,17.5150,17.7700,2.49 M,11/05/14,0.14499999999999957,0.8226950354609905
GRFS,18.1600,18.3250,17.5900,17.6250,2.01 M,11/04/14,0.3500000000000014,2.0260492040521068
GRFS,17.4900,17.6700,17.1700,17.2750,1.09 M,11/03/14,-0.4200000000000017,-2.3735518508053217
GRFS,17.3400,17.8750,17.3400,17.6950,1.23 M,10/31/14,0.2950000000000017,1.6954022988505846
GRFS,17.1850,17.4150,17.0602,17.4000,915480,10/30/14,-0.15500000000000114,-0.8829393335232193
GRFS,17.4000,17.5650,17.1150,17.5550,3.22 M,10/29/14,0.129999999999999,0.7460545193687174
GRFS,17.5000,17.6600,17.3300,17.4250,1.91 M,10/28/14,-0.02499999999999858,-0.143266475644691
GRFS,16.9600,17.4750,16.8050,17.4500,1.64 M,10/27/14,0.28999999999999915,1.689976689976685
GRFS,16.7500,17.3850,16.6851,17.1600,1.07 M,10/24/14,0.39000000000000057,2.3255813953488405
GRFS,16.5950,16.8650,16.5950,16.7700,1.81 M,10/23/14,0.21999999999999886,1.3293051359516548
GRFS,16.4500,16.6800,16.4500,16.5500,1.44 M,10/22/14,0.10000000000000142,0.6079027355623187
GRFS,16.1450,16.4550,15.9150,16.4500,838254,10/21/14,0.5800000000000001,3.654694391934468
GRFS,16.2500,16.3450,15.5750,15.8700,1.07 M,10/20/14,-0.6100000000000012,-3.7014563106796188
GRFS,15.9150,16.5050,15.8450,16.4800,6.03 M,10/17/14,0.9299999999999997,5.98070739549839
GRFS,14.8250,15.8450,14.8250,15.5500,2.81 M,10/16/14,0.5500000000000007,3.6666666666666714
GRFS,14.6950,15.0800,14.6200,15.0000,866176,10/15/14,0.025000000000000355,0.1669449081803029
GRFS,15.0950,15.3350,14.9000,14.9750,1.87 M,10/14/14,0.08999999999999986,0.6046355391333548
GRFS,15.5400,15.6800,14.8400,14.8850,1.33 M,10/13/14,-0.41000000000000014,-2.680614579928082
GRFS,15.4050,15.7850,15.2500,15.2950,2.96 M,10/10/14,-0.054999999999999716,-0.3583061889250796
GRFS,16.5250,16.5600,15.3450,15.3500,3.08 M,10/09/14,-1.67,-9.811985898942421
GRFS,16.8700,17.1150,16.7650,17.0200,1.99 M,10/08/14,0.22499999999999787,1.3396844298898354
GRFS,17.2200,17.2200,16.7700,16.7950,2.07 M,10/07/14,-0.41499999999999915,-2.411388727484016
GRFS,17.6350,17.7650,17.0500,17.2100,3.02 M,10/06/14,-0.33999999999999986,-1.9373219373219364
GRFS,17.4700,17.8250,17.3950,17.5500,2.01 M,10/03/14,0.004999999999999005,0.028498147620399
GRFS,17.5150,17.6700,17.3650,17.5450,2.69 M,10/02/14,0.2900000000000027,1.6806722689075788
GRFS,17.6200,17.8100,17.2400,17.2550,774098,10/01/14,-0.3100000000000023,-1.7648733276402064
GRFS,17.7400,17.7450,17.4950,17.5650,536344,09/30/14,-0.134999999999998,-0.7627118644067684
GRFS,17.5450,17.7700,17.4550,17.7000,510186,09/29/14,0.08999999999999986,0.5110732538330486
GRFS,17.7000,17.8100,17.5800,17.6100,3.93 M,09/26/14,-0.06500000000000128,-0.36775106082037495
GRFS,18.1150,18.1825,17.6400,17.6750,982440,09/25/14,-0.48499999999999943,-2.6707048458149747
GRFS,17.6700,18.1750,17.6700,18.1600,538498,09/24/14,0.5,2.8312570781426953
GRFS,18.1850,18.1900,17.6300,17.6600,1.48 M,09/23/14,-0.7800000000000011,-4.229934924078097
GRFS,18.6900,18.7000,18.2600,18.4400,473168,09/22/14,-0.24499999999999744,-1.3112122023012975
GRFS,18.7300,18.8050,18.5000,18.6850,1.99 M,09/19/14,0.125,0.6734913793103449
GRFS,18.6400,18.7050,18.4800,18.5600,1.61 M,09/18/14,0.029999999999997584,0.16189962223420173
GRFS,18.5650,18.7450,18.4500,18.5300,571346,09/17/14,0.045000000000001705,0.2434406275358491
GRFS,18.3650,18.5250,18.2200,18.4850,778180,09/16/14,0.05000000000000071,0.271223216707354
GRFS,18.8400,18.8400,18.1900,18.4350,1.36 M,09/15/14,-0.4400000000000013,-2.331125827814576
GRFS,18.9950,19.1050,18.7550,18.8750,704064,09/12/14,-0.25,-1.3071895424836601
GRFS,19.4000,19.4000,18.9900,19.1250,1.31 M,09/11/14,-0.4250000000000007,-2.1739130434782643
GRFS,19.2500,19.5850,19.0450,19.5500,1.35 M,09/10/14,0.3000000000000007,1.558441558441562
GRFS,19.4750,19.5250,19.1700,19.2500,1.38 M,09/09/14,-0.2950000000000017,-1.5093374264517865
GRFS,19.7150,19.7550,19.3850,19.5450,1.24 M,09/08/14,-0.25,-1.262945188178833
GRFS,19.6150,19.8150,19.4345,19.7950,1.16 M,09/05/14,0.20000000000000284,1.0206685378923341
GRFS,20.0250,20.0250,19.5250,19.5950,2.22 M,09/04/14,-0.46000000000000085,-2.2936923460483714
GRFS,19.8250,20.2400,19.6550,20.0550,1.43 M,09/03/14,0.125,0.6271951831409935
GRFS,19.9200,20.0450,19.8300,19.9300,1.16 M,09/02/14,-0.14499999999999957,-0.722291407222912
GRFS,19.8650,20.1275,19.6450,20.0750,1.05 M,08/29/14,0.2049999999999983,1.0317060895822763
GRFS,19.9250,20.0175,19.7151,19.8700,669194,08/28/14,-0.134999999999998,-0.6748312921769458
GRFS,19.6850,20.0400,19.6200,20.0050,1.76 M,08/27/14,0.504999999999999,2.5897435897435845
GRFS,19.7500,19.8555,19.5000,19.5000,1.22 M,08/26/14,-0.2699999999999996,-1.3657056145675244
GRFS,19.6550,19.7900,19.6100,19.7700,751540,08/25/14,0.33500000000000085,1.7236943658348385
GRFS,19.2500,19.5200,19.0800,19.4350,1.96 M,08/22/14,0.17999999999999972,0.9348221241236029
GRFS,18.6800,19.2700,18.6450,19.2550,1.54 M,08/21/14,0.3149999999999977,1.66314677930305
GRFS,18.6500,18.9550,18.5500,18.9400,964926,08/20/14,0.3150000000000013,1.6912751677852418
GRFS,18.1250,18.7450,17.9800,18.6250,2.02 M,08/19/14,0.5799999999999983,3.214186755333878
GRFS,17.9500,18.1350,17.7900,18.0450,1.48 M,08/18/14,0.27500000000000213,1.5475520540236474
GRFS,17.8200,17.9950,17.6298,17.7700,1.82 M,08/15/14,-0.03999999999999915,-0.22459292532284755
GRFS,17.7600,17.8500,17.6750,17.8100,1.09 M,08/14/14,0.10999999999999943,0.6214689265536691
GRFS,17.8600,17.9061,17.5625,17.7000,2.00 M,08/13/14,0.05000000000000071,0.28328611898017403
GRFS,17.7100,17.7250,17.4150,17.6500,1.15 M,08/12/14,-0.11000000000000298,-0.6193693693693861
GRFS,18.0200,18.1650,17.6750,17.7600,1.31 M,08/11/14,0.08000000000000185,0.45248868778281587
GRFS,17.7700,17.9550,17.4800,17.6800,1.62 M,08/08/14,0.3299999999999983,1.9020172910662725
GRFS,17.9650,18.0250,17.2750,17.3500,1.30 M,08/07/14,-0.7449999999999974,-4.117159436308358
GRFS,18.0700,18.2950,17.9700,18.0950,1.33 M,08/06/14,0.0,0.0
GRFS,18.3350,18.3800,17.8750,18.0950,2.29 M,08/05/14,-0.3450000000000024,-1.870932754880707
GRFS,18.3850,18.5795,18.2800,18.4400,1.46 M,08/04/14,0.26500000000000057,1.4580467675378297
GRFS,18.0650,18.3550,17.8350,18.1750,3.16 M,08/01/14,-0.16000000000000014,-0.8726479410962648
GRFS,19.1750,19.1750,17.7950,18.3350,6.19 M,07/31/14,-2.7699999999999996,-13.124851930822077
GRFS,21.1000,21.2100,20.6850,21.1050,735700,07/30/14,-0.015000000000000568,-0.07102272727272996
GRFS,21.2300,21.6500,20.9450,21.1200,696488,07/29/14,-0.0849999999999973,-0.4008488564017793
GRFS,21.1000,21.2750,20.8800,21.2050,867326,07/28/14,0.17999999999999972,0.8561236623067764
GRFS,21.2150,21.2900,20.7850,21.0250,567532,07/25/14,-0.010000000000001563,-0.047539814594730515
GRFS,20.9150,21.1350,20.8400,21.0350,699506,07/24/14,0.14000000000000057,0.6700167504187632
GRFS,20.8800,20.9500,20.8250,20.8950,708614,07/23/14,0.129999999999999,0.6260534553334891
GRFS,20.7850,20.9375,20.6550,20.7650,525838,07/22/14,0.28999999999999915,1.416361416361412
GRFS,20.5200,20.6450,20.2450,20.4750,810394,07/21/14,-0.03500000000000014,-0.1706484641638232
GRFS,20.4150,20.5950,20.3100,20.5100,839088,07/18/14,0.02500000000000213,0.1220405174518044
GRFS,20.5600,20.9600,20.3800,20.4850,1.03 M,07/17/14,-0.10000000000000142,-0.48579062424095903
GRFS,21.3800,21.4750,20.5150,20.5850,1.05 M,07/16/14,-0.7349999999999994,-3.4474671669793593
GRFS,21.3250,21.5750,21.1250,21.3200,1.75 M,07/15/14,-0.134999999999998,-0.6292239571195434
GRFS,20.9450,21.5200,20.8750,21.4550,1.38 M,07/14/14,0.6149999999999984,2.951055662188092
GRFS,20.1500,20.8600,20.1500,20.8400,1.66 M,07/11/14,0.5350000000000001,2.6348190100960363
GRFS,19.9850,20.4200,19.9300,20.3050,848180,07/10/14,-0.18499999999999872,-0.9028794533918924
GRFS,20.2850,20.5000,19.9550,20.4900,1.81 M,07/09/14,0.10499999999999687,0.5150846210448705
GRFS,20.8750,20.9100,20.1400,20.3850,2.06 M,07/08/14,-0.6649999999999991,-3.159144893111635
GRFS,21.9250,21.9250,20.9650,21.0500,1.44 M,07/07/14,-0.7949999999999982,-3.639276722362088
GRFS,22.1250,22.1250,21.7900,21.8450,407110,07/03/14,-0.18500000000000227,-0.8397639582387756
GRFS,22.3200,22.3200,22.0250,22.0300,735044,07/02/14,-0.2049999999999983,-0.9219698673262797
GRFS,21.8300,22.2950,21.7555,22.2350,1.13 M,07/01/14,0.21000000000000085,0.9534619750283808
GRFS,21.6750,22.1350,21.6100,22.0250,679738,06/30/14,0.07000000000000028,0.31883397859257706
GRFS,21.5900,21.9550,21.5700,21.9550,744332,06/27/14,0.3299999999999983,1.5260115606936338
GRFS,21.6850,21.7000,21.2700,21.6250,1.17 M,06/26/14,-0.1999999999999993,-0.9163802978235935
GRFS,22.1100,22.1525,21.5250,21.8250,900926,06/25/14,-0.5100000000000016,-2.2834116856951043
GRFS,21.9200,22.5150,21.9000,22.3350,1.77 M,06/24/14,0.41499999999999915,1.8932481751824777
GRFS,22.3950,22.3950,20.3900,21.9200,5.32 M,06/23/14,-0.48999999999999844,-2.186523873270854
GRFS,22.6250,22.6500,22.3500,22.4100,718556,06/20/14,-0.245000000000001,-1.0814389759435046
GRFS,22.8950,22.9200,22.6000,22.6550,628340,06/19/14,-0.21499999999999986,-0.9400961958898113
GRFS,22.5400,22.9600,22.5400,22.8700,841240,06/18/14,0.19500000000000028,0.8599779492833529
GRFS,22.5000,22.8400,22.4550,22.6750,807282,06/17/14,0.19500000000000028,0.8674377224199301
GRFS,22.4450,22.6800,22.2500,22.4800,889444,06/16/14,0.14499999999999957,0.6492052831878199
GRFS,22.5000,22.5200,22.1200,22.3350,782448,06/13/14,-0.23499999999999943,-1.0412051395657929
GRFS,23.0250,23.0650,22.5000,22.5700,1.09 M,06/12/14,-0.2749999999999986,-1.2037644998905608
GRFS,23.0000,23.0700,22.7500,22.8450,1.09 M,06/11/14,-0.365000000000002,-1.572598018095657
GRFS,22.9500,23.3300,22.7200,23.2100,1.31 M,06/10/14,-0.00999999999999801,-0.04306632213608101
GRFS,22.8000,23.2800,22.6000,23.2200,5.09 M,06/09/14,0.5350000000000001,2.358386599074279
GRFS,21.7500,22.7400,21.5300,22.6850,3.04 M,06/06/14,1.3399999999999999,6.27781681892715
GRFS,21.4600,21.7100,21.2200,21.3450,2.25 M,06/05/14,0.06499999999999773,0.30545112781953815
GRFS,21.0000,21.5300,20.9650,21.2800,2.33 M,06/04/14,0.28500000000000014,1.3574660633484168
GRFS,20.7000,21.0000,20.4900,20.9950,1.50 M,06/03/14,0.5150000000000006,2.5146484375000027
GRFS,20.9600,21.1250,20.2650,20.4800,1.61 M,06/02/14,-0.3299999999999983,-1.5857760691974931
GRFS,20.6000,20.9000,20.6000,20.8100,571700,05/30/14,0.11999999999999744,0.5799903334944294
GRFS,20.9750,21.0300,20.6350,20.6900,483210,05/29/14,-0.0849999999999973,-0.4091456077015514
GRFS,21.0150,21.1100,20.7600,20.7750,908394,05/28/14,-0.15500000000000114,-0.7405637840420504
GRFS,21.1650,21.2525,20.6350,20.9300,811664,05/27/14,0.3500000000000014,1.7006802721088505
GRFS,20.8500,20.9100,20.4800,20.5800,598652,05/23/14,-0.2150000000000034,-1.0339023803799152
GRFS,20.9050,21.0525,20.6600,20.7950,513532,05/22/14,-0.34499999999999886,-1.6319772942289443
GRFS,20.9950,21.2700,20.9950,21.1400,619652,05/21/14,0.16000000000000014,0.7626310772163972
GRFS,21.2800,21.7500,20.8800,20.9800,1.07 M,05/20/14,-0.0799999999999983,-0.3798670465337051
GRFS,20.3900,21.1816,20.3000,21.0600,2.28 M,05/19/14,0.6699999999999982,3.2859244727807657
GRFS,20.7950,20.7950,20.0650,20.3900,2.62 M,05/16/14,-0.23499999999999943,-1.1393939393939367
GRFS,20.8550,20.9250,20.3900,20.6250,2.42 M,05/15/14,-0.26500000000000057,-1.2685495452369582
GRFS,20.6400,20.9950,20.6150,20.8900,884270,05/14/14,0.19500000000000028,0.9422565837158747
GRFS,20.4850,20.7900,20.4850,20.6950,789940,05/13/14,0.125,0.6076810889645115
GRFS,20.1550,20.6500,20.1400,20.5700,686702,05/12/14,0.4875000000000007,2.427486617701983
GRFS,20.0650,20.2300,19.6750,20.0825,1.40 M,05/09/14,0.017499999999998295,0.087216546224761
GRFS,20.0650,20.4050,19.9550,20.0650,973162,05/08/14,-0.18499999999999872,-0.913580246913574
GRFS,20.2650,20.3788,19.9750,20.2500,1.52 M,05/07/14,0.08999999999999986,0.44642857142857073
GRFS,20.7450,20.7850,20.0575,20.1600,1.46 M,05/06/14,-0.7600000000000016,-3.6328871892925503
GRFS,20.8100,21.1400,20.7010,20.9200,1.90 M,05/05/14,0.09500000000000242,0.4561824729892073
GRFS,20.4650,20.9050,20.4650,20.8250,1.59 M,05/02/14,0.015000000000000568,0.07208073041807098
GRFS,20.3200,20.8200,20.3150,20.8100,586046,05/01/14,0.28999999999999915,1.4132553606237777
GRFS,20.5500,20.7100,20.2800,20.5200,926860,04/30/14,-0.129999999999999,-0.6295399515738451
GRFS,20.2400,20.8650,20.1775,20.6500,1.22 M,04/29/14,0.4349999999999987,2.151867425179316
GRFS,20.0300,20.2750,20.0000,20.2150,1.31 M,04/28/14,0.14499999999999957,0.7224713502740387
GRFS,20.1650,20.2250,19.9300,20.0700,2.16 M,04/25/14,-0.06500000000000128,-0.32282095852992937
GRFS,19.9750,20.1900,19.7550,20.1350,736198,04/24/14,0.1650000000000027,0.8262393590385714
GRFS,20.0550,20.2850,19.7600,19.9700,1.05 M,04/23/14,0.004999999999999005,0.025043826696714275
GRFS,19.5250,20.1200,19.0100,19.9650,1.53 M,04/22/14,0.8599999999999994,4.501439413766027
GRFS,18.9000,19.2225,18.8205,19.1050,445746,04/21/14,0.019999999999999574,0.10479434110557806
GRFS,19.1100,19.4000,18.8400,19.0850,981006,04/17/14,-0.02499999999999858,-0.13082155939298054
GRFS,18.7050,19.1400,18.4900,19.1100,2.78 M,04/16/14,0.7949999999999982,4.34070434070433
GRFS,18.6250,18.8050,17.8800,18.3150,1.38 M,04/15/14,-0.41000000000000014,-2.18958611481976
GRFS,19.3100,19.3100,18.4700,18.7250,1.30 M,04/14/14,-0.259999999999998,-1.369502238609418
GRFS,19.0400,19.3700,18.5405,18.9850,2.00 M,04/11/14,-0.3249999999999993,-1.6830657690315862
GRFS,19.9050,19.9600,19.1450,19.3100,856714,04/10/14,-1.0725000000000016,-5.261866797497861
GRFS,19.8600,20.4050,19.8150,20.3825,776204,04/09/14,0.3874999999999993,1.9379844961240273
GRFS,20.1000,20.7450,19.6675,19.9950,1.34 M,04/08/14,-0.5350000000000001,-2.6059425231368736
GRFS,20.4050,20.6950,20.1950,20.5300,757764,04/07/14,0.45000000000000284,2.2410358565737196
GRFS,20.9350,21.0150,19.6950,20.0800,1.42 M,04/04/14,-0.9450000000000003,-4.4946492271105845
GRFS,21.2200,21.3250,20.7050,21.0250,1.30 M,04/03/14,-0.15500000000000114,-0.7318224740321111
GRFS,21.1700,21.3349,20.8200,21.1800,539574,04/02/14,0.00999999999999801,0.04723665564477095
GRFS,20.8400,21.2250,20.8000,21.1700,1.10 M,04/01/14,0.5200000000000031,2.5181598062954147
GRFS,20.5200,20.6950,20.3150,20.6500,1.59 M,03/31/14,0.6600000000000001,3.3016508254127075
GRFS,20.4100,20.7800,19.8687,19.9900,1.12 M,03/28/14,-0.46000000000000085,-2.249388753056239
GRFS,20.5800,20.6450,20.1000,20.4500,834350,03/27/14,0.029999999999997584,0.14691478942212333
GRFS,20.4800,20.8450,20.2600,20.4200,746616,03/26/14,0.15000000000000213,0.7400098667982346
GRFS,20.1700,20.4700,19.7000,20.2700,1.86 M,03/25/14,0.5949999999999989,3.02414231257941
GRFS,20.6750,20.6750,19.5000,19.6750,1.51 M,03/24/14,-1.0249999999999986,-4.951690821256032
GRFS,21.1650,21.1700,20.5751,20.7000,1.32 M,03/21/14,-0.5749999999999993,-2.7027027027026995
GRFS,21.0000,21.2850,20.9250,21.2750,559900,03/20/14,0.11499999999999844,0.5434782608695579
GRFS,21.3100,21.4350,21.0540,21.1600,694752,03/19/14,-0.08500000000000085,-0.40009413979760344
GRFS,21.3250,21.3250,20.9250,21.2450,904040,03/18/14,0.14000000000000057,0.663349917081263
GRFS,21.0800,21.3700,20.9750,21.1050,1.19 M,03/17/14,0.9849999999999994,4.895626242544728
GRFS,20.5850,20.8350,20.0685,20.1200,1.71 M,03/14/14,-0.6099999999999994,-2.9425952725518543
GRFS,21.2850,21.2850,20.6650,20.7300,1.01 M,03/13/14,-0.6849999999999987,-3.1986925052533213
GRFS,21.2600,21.4550,21.0250,21.4150,297998,03/12/14,0.14000000000000057,0.6580493537015303
GRFS,21.3300,21.7250,21.1350,21.2750,682678,03/11/14,-0.045000000000001705,-0.21106941838649956
GRFS,21.2100,21.5250,21.0500,21.3200,1.04 M,03/10/14,-0.08999999999999986,-0.4203643157403076
GRFS,21.2550,21.5400,21.2000,21.4100,676966,03/07/14,0.21000000000000085,0.9905660377358532
GRFS,21.0950,21.4350,21.0100,21.2000,1.41 M,03/06/14,0.4450000000000003,2.144061671886294
GRFS,20.7050,20.9050,20.4250,20.7550,680310,03/05/14,0.054999999999999716,0.26570048309178607
GRFS,20.6300,20.9949,20.4550,20.7000,1.78 M,03/04/14,0.3000000000000007,1.4705882352941213
GRFS,20.4100,20.6000,20.0600,20.4000,1.07 M,03/03/14,-0.6400000000000006,-3.041825095057037
GRFS,20.8750,21.3000,20.7000,21.0400,1.31 M,02/28/14,0.34999999999999787,1.6916384726921114
GRFS,20.4250,20.8750,20.2650,20.6900,1.54 M,02/27/14,0.485000000000003,2.4003959415986293
GRFS,20.4450,20.4500,20.1750,20.2050,959060,02/26/14,-0.25,-1.2221950623319482
GRFS,20.3750,20.6750,20.2850,20.4550,925216,02/25/14,0.48499999999999943,2.4286429644466674
GRFS,20.0000,20.3100,19.8550,19.9700,1.10 M,02/24/14,0.14499999999999957,0.7313997477931883
GRFS,19.7550,20.0695,19.7450,19.8250,701896,02/21/14,0.07499999999999929,0.3797468354430344
GRFS,19.6600,19.9250,19.5150,19.7500,1.09 M,02/20/14,0.14999999999999858,0.7653061224489723
GRFS,20.0000,20.1150,19.5550,19.6000,2.91 M,02/19/14,-0.41499999999999915,-2.073444916312761
GRFS,20.1000,20.3050,19.8000,20.0150,2.47 M,02/18/14,0.26500000000000057,1.341772151898737
GRFS,20.0950,20.1500,19.6975,19.7500,1.01 M,02/14/14,-0.25,-1.25
GRFS,19.9800,20.1350,19.7850,20.0000,1.90 M,02/13/14,0.3249999999999993,1.6518424396442148
GRFS,19.9550,20.0950,19.5900,19.6750,922640,02/12/14,-0.28500000000000014,-1.4278557114228463
GRFS,20.1150,20.1641,19.7450,19.9600,1.08 M,02/11/14,0.25,1.2683916793505834
GRFS,19.7200,19.7450,19.3300,19.7100,1.96 M,02/10/14,0.02500000000000213,0.12700025400051884
GRFS,19.1800,19.7350,19.1800,19.6850,840920,02/07/14,0.6799999999999997,3.578005787950538
GRFS,18.7700,19.1250,18.7700,19.0050,1.45 M,02/06/14,0.384999999999998,2.06766917293232
GRFS,18.9900,19.0100,18.0800,18.6200,1.70 M,02/05/14,-0.5799999999999983,-3.0208333333333246
GRFS,19.5400,19.5700,19.0900,19.2000,522670,02/04/14,-0.18500000000000227,-0.9543461439257274
GRFS,19.7550,19.9950,19.2675,19.3850,1.28 M,02/03/14,-0.41999999999999815,-2.120676596818976
GRFS,19.6650,20.0000,19.4150,19.8050,1.80 M,01/31/14,-0.019999999999999574,-0.10088272383354135
GRFS,19.4750,19.8700,19.1900,19.8250,1.19 M,01/30/14,0.3949999999999996,2.032938754503343
GRFS,19.3200,19.6050,19.1200,19.4300,486724,01/29/14,0.03500000000000014,0.18045888115493758
GRFS,18.9300,19.4550,18.9300,19.3950,447650,01/28/14,0.5199999999999996,2.754966887417216
GRFS,19.1000,19.1600,18.6350,18.8750,543722,01/27/14,-0.4499999999999993,-2.328589909443722
GRFS,19.7450,19.7900,19.3200,19.3250,543342,01/24/14,-0.4450000000000003,-2.250885179564999
GRFS,19.5600,19.8000,19.4500,19.7700,722902,01/23/14,0.34499999999999886,1.77606177606177
GRFS,19.4800,19.5356,19.2550,19.4250,870686,01/22/14,0.015000000000000568,0.07727975270479427
GRFS,19.5000,19.7039,19.3350,19.4100,392276,01/21/14,-0.004999999999999005,-0.025753283543646692
GRFS,19.8850,19.9400,19.2300,19.4150,1.99 M,01/17/14,-0.3200000000000003,-1.6214846719027125
GRFS,20.0550,20.1150,19.6800,19.7350,613240,01/16/14,-0.21499999999999986,-1.0776942355889718
GRFS,19.7250,20.0050,19.7250,19.9500,576516,01/15/14,-0.010000000000001563,-0.05010020040080943
GRFS,19.8950,20.0350,19.5590,19.9600,1.19 M,01/14/14,0.19000000000000128,0.9610520991401178
GRFS,19.5450,19.9550,19.3150,19.7700,1.55 M,01/13/14,0.33999999999999986,1.7498713329902207
GRFS,19.3050,19.6250,19.1400,19.4300,1.50 M,01/10/14,0.054999999999999716,0.28387096774193404
GRFS,19.2500,19.4900,18.6800,19.3750,1.85 M,01/09/14,0.9499999999999993,5.1560379918588835
GRFS,18.1650,18.5100,18.1150,18.4250,1.52 M,01/08/14,0.41000000000000014,2.275881210102693
GRFS,18.0950,18.0950,17.8855,18.0150,1.07 M,01/07/14,0.015000000000000568,0.08333333333333649
GRFS,17.8200,18.1350,17.8150,18.0000,1.45 M,01/06/14,0.5450000000000017,3.1223145230593055
GRFS,17.5900,17.7200,17.4050,17.4550,751556,01/03/14,-0.05000000000000071,-0.28563267637818174
GRFS,18.0500,18.2300,17.3150,17.5050,409800,01/02/14,-0.5549999999999997,-3.073089700996676
GRFS,17.9300,18.1600,17.7934,18.0600,209106,12/31/13,-0.054999999999999716,-0.30361578802097555
GRFS,17.9450,18.2050,17.7900,18.1150,485596,12/30/13,0.13999999999999702,0.7788595271209847
GRFS,18.1300,18.2250,17.9550,17.9750,241004,12/27/13,0.045000000000001705,0.25097601784719303
GRFS,17.8850,18.0000,17.8300,17.9300,226826,12/26/13,0.10000000000000142,0.5608524957936143
GRFS,17.9250,18.0000,17.7950,17.8300,55330,12/24/13,-0.060000000000002274,-0.3353828954723436
GRFS,17.8650,17.9600,17.7450,17.8900,265624,12/23/13,0.07499999999999929,0.42099354476564294
GRFS,17.8000,17.9400,17.4250,17.8150,1.01 M,12/20/13,-0.03999999999999915,-0.22402688322598233
GRFS,17.4250,17.8550,17.2100,17.8550,722640,12/19/13,0.4400000000000013,2.5265575653172627
GRFS,17.3100,17.4550,17.1550,17.4150,838876,12/18/13,0.3099999999999987,1.8123355743934446
GRFS,17.1800,17.2350,17.0000,17.1050,938542,12/17/13,-0.28000000000000114,-1.6105838366407887
GRFS,17.0050,17.4150,16.9050,17.3850,1.25 M,12/16/13,0.39000000000000057,2.2947925860547254
GRFS,17.1100,17.1150,16.8900,16.9950,618444,12/13/13,-0.09999999999999787,-0.5849663644340326
GRFS,17.0450,17.1300,16.9350,17.0950,713770,12/12/13,0.07000000000000028,0.41116005873715294
GRFS,17.1750,17.2288,16.9450,17.0250,773148,12/11/13,0.1999999999999993,1.1887072808320909
GRFS,16.8350,16.9350,16.7700,16.8250,250416,12/10/13,0.00999999999999801,0.05947071067498073
GRFS,16.6250,16.8850,16.5650,16.8150,305296,12/09/13,0.18500000000000227,1.1124473842453535
GRFS,16.5550,16.7350,16.5150,16.6300,385648,12/06/13,0.15499999999999758,0.9408194233687258
GRFS,16.7300,17.0050,16.4100,16.4750,714068,12/05/13,-0.18499999999999872,-1.1104441776710607
GRFS,16.7100,16.7150,16.4400,16.6600,338772,12/04/13,-0.0799999999999983,-0.4778972520907903
GRFS,16.9150,17.0350,16.5250,16.7400,659832,12/03/13,-0.3100000000000023,-1.8181818181818314
GRFS,17.3300,17.5175,16.9400,17.0500,746278,12/02/13,-0.11749999999999972,-0.684432794524536
GRFS,17.2000,17.2650,17.0000,17.1675,439054,11/29/13,-0.03249999999999886,-0.18895348837208642
GRFS,16.7100,17.2500,16.6350,17.2000,780630,11/27/13,0.5549999999999997,3.3343346350255314
GRFS,16.8400,16.8600,16.5800,16.6450,285182,11/26/13,-0.11500000000000199,-0.6861575178997732
GRFS,16.6350,16.9450,16.5750,16.7600,607956,11/25/13,0.18500000000000227,1.1161387631976005
GRFS,16.7100,16.7500,16.5000,16.5750,659732,11/22/13,-0.1750000000000007,-1.0447761194029894
GRFS,16.1300,16.8550,16.0850,16.7500,1.58 M,11/21/13,0.7100000000000009,4.426433915211976
GRFS,16.0600,16.1900,15.9100,16.0400,1.06 M,11/20/13,0.03999999999999915,0.24999999999999467
GRFS,16.2750,16.2750,15.9700,16.0000,941998,11/19/13,-0.2674999999999983,-1.6443829721837917
GRFS,16.4450,16.6700,16.2150,16.2675,571534,11/18/13,-0.07750000000000057,-0.474151116549407
GRFS,16.1600,16.4800,16.0850,16.3450,1.43 M,11/15/13,0.34999999999999964,2.188183807439823
GRFS,15.6200,16.1150,15.6200,15.9950,5.26 M,11/14/13,0.4599999999999991,2.9610556807209467
GRFS,15.7850,15.7900,15.4150,15.5350,9.86 M,11/13/13,-0.29499999999999993,-1.8635502210991783
GRFS,15.7150,15.9150,15.6250,15.8300,1.21 M,11/12/13,0.15499999999999936,0.9888357256778268
GRFS,15.8100,15.9300,15.5900,15.6750,4.53 M,11/11/13,0.6950000000000003,4.639519359145529
GRFS,14.8900,15.1400,14.7500,14.9800,366218,11/08/13,0.08000000000000007,0.5369127516778528
GRFS,15.2850,15.2850,14.8850,14.9000,1.13 M,11/07/13,-0.27999999999999936,-1.8445322793148837
GRFS,15.4500,15.5950,15.0850,15.1800,1.37 M,11/06/13,0.019999999999999574,0.13192612137202886
GRFS,15.2000,15.2800,15.0500,15.1600,2.95 M,11/05/13,0.16000000000000014,1.0666666666666675
GRFS,15.1750,15.4800,14.9000,15.0000,1.51 M,11/04/13,0.04499999999999993,0.30090270812437264
GRFS,15.0950,15.1200,14.8650,14.9550,330588,11/01/13,-0.125,-0.8289124668435013
GRFS,15.1950,15.2200,15.0450,15.0800,989124,10/31/13,0.019999999999999574,0.1328021248339945
GRFS,15.1850,15.2350,14.9500,15.0600,1.16 M,10/30/13,0.07000000000000028,0.46697798532355095
GRFS,15.1250,15.1250,14.9325,14.9900,717320,10/29/13,-0.04499999999999993,-0.2993016295310936
GRFS,15.0700,15.1250,14.8750,15.0350,3.15 M,10/28/13,0.03500000000000014,0.23333333333333428
GRFS,15.0450,15.1250,14.8450,15.0000,1.33 M,10/25/13,-0.09500000000000064,-0.6293474660483646
GRFS,15.1350,15.2150,14.9900,15.0950,201758,10/24/13,0.05000000000000071,0.3323363243602573
GRFS,15.0500,15.0800,14.7100,15.0450,957458,10/23/13,-0.05000000000000071,-0.3312355084465102
GRFS,15.1950,15.2650,14.9800,15.0950,284848,10/22/13,-0.009999999999999787,-0.06620324395895258
GRFS,15.1900,15.2675,14.9350,15.1050,376126,10/21/13,0.005000000000000782,0.03311258278146213
GRFS,15.0400,15.1500,14.8750,15.1000,1.52 M,10/18/13,0.17999999999999972,1.2064343163538855
GRFS,14.7850,15.5000,14.7850,14.9200,1.20 M,10/17/13,0.15000000000000036,1.0155721056195015
GRFS,14.5000,14.8000,14.3900,14.7700,1.21 M,10/16/13,0.379999999999999,2.640722724113961
GRFS,14.5150,14.7700,14.2975,14.3900,930436,10/15/13,-0.03500000000000014,-0.24263431542461103
GRFS,14.6250,14.6650,14.2850,14.4250,760422,10/14/13,-0.16999999999999993,-1.164782459746488
GRFS,14.4350,14.7250,14.4000,14.5950,577474,10/11/13,0.0600000000000005,0.4127966976264224
GRFS,14.6950,15.0000,14.4250,14.5350,466486,10/10/13,-0.129999999999999,-0.8864643709512378
GRFS,14.8650,14.8950,14.5300,14.6650,403350,10/09/13,-0.05000000000000071,-0.33978933061502353
GRFS,15.1050,15.1050,14.6250,14.7150,880724,10/08/13,-0.09999999999999964,-0.674991562605465
GRFS,15.0500,15.3600,14.7750,14.8150,360510,10/07/13,-0.370000000000001,-2.436615080671722
GRFS,15.0350,15.3550,15.0350,15.1850,256484,10/04/13,0.1349999999999998,0.8970099667774072
GRFS,15.3600,15.4200,15.0200,15.0500,2.31 M,10/03/13,-0.29999999999999893,-1.954397394136801
GRFS,15.3250,15.4700,15.2050,15.3500,378476,10/02/13,-0.05000000000000071,-0.3246753246753293
GRFS,15.2950,15.4600,15.1330,15.4000,932186,10/01/13,0.2599999999999998,1.7173051519154543
GRFS,15.1500,15.3750,15.0300,15.1400,626444,09/30/13,-0.09499999999999886,-0.6235641614702913
GRFS,15.6500,15.6500,15.0400,15.2350,249916,09/27/13,-0.20000000000000107,-1.295756397797221
GRFS,15.5650,15.6950,15.3550,15.4350,292944,09/26/13,-0.0649999999999995,-0.4193548387096742
GRFS,15.6450,15.7450,15.3750,15.5000,293062,09/25/13,0.0,0.0
GRFS,15.7050,15.8200,15.4400,15.5000,208724,09/24/13,-0.054999999999999716,-0.3535840565734472
GRFS,16.0250,16.0250,15.5000,15.5550,308142,09/23/13,-0.46999999999999886,-2.9329173166926608
GRFS,16.1700,16.4495,15.7750,16.0250,773742,09/20/13,-0.010000000000001563,-0.06236357966948278
GRFS,16.0600,16.2450,16.0000,16.0350,245380,09/19/13,0.08000000000000007,0.5014102162331562
GRFS,15.8350,16.0450,15.7180,15.9550,222786,09/18/13,0.16500000000000092,1.044965167827745
GRFS,15.7900,15.8500,15.6350,15.7900,307530,09/17/13,0.03999999999999915,0.25396825396824857
GRFS,15.8000,15.8500,15.4450,15.7500,157958,09/16/13,0.16499999999999915,1.058710298363806
GRFS,15.5600,15.7900,15.5300,15.5850,163008,09/13/13,-0.16499999999999915,-1.0476190476190421
GRFS,15.8350,15.9000,15.4950,15.7500,152990,09/12/13,-0.03999999999999915,-0.2533248891703556
GRFS,15.7400,15.8503,15.6050,15.7900,188516,09/11/13,0.0,0.0
GRFS,15.5200,15.7900,15.3000,15.7900,492944,09/10/13,0.3699999999999992,2.3994811932555073
GRFS,15.6000,15.6000,15.1250,15.4200,567606,09/09/13,-0.09999999999999964,-0.6443298969072142
GRFS,15.4500,15.6800,15.2650,15.5200,855518,09/06/13,0.11999999999999922,0.7792207792207742
GRFS,15.3500,15.4400,15.0020,15.4000,723804,09/05/13,0.08999999999999986,0.5878510777269749
GRFS,15.3350,15.3500,14.9250,15.3100,450116,09/04/13,0.015000000000000568,0.09807126511932375
GRFS,15.2750,15.5200,14.9250,15.2950,407202,09/03/13,0.15000000000000036,0.9904258831297482
GRFS,15.4650,15.4650,15.0850,15.1450,321902,08/30/13,-0.25,-1.6239038648911985
GRFS,15.0550,15.4500,15.0550,15.3950,185452,08/29/13,0.40000000000000036,2.667555851950653
GRFS,15.0600,15.0700,14.7400,14.9950,223480,08/28/13,-0.08000000000000007,-0.5306799336650088
GRFS,15.3650,15.3650,15.0150,15.0750,314154,08/27/13,-0.3550000000000004,-2.3007128969539887
GRFS,15.8350,15.8350,15.3400,15.4300,338004,08/26/13,-0.1850000000000005,-1.1847582452769805
GRFS,15.0600,15.8350,15.0600,15.6150,256280,08/23/13,0.025000000000000355,0.16035920461834738
GRFS,15.8850,15.8850,14.9800,15.5900,242754,08/22/13,-0.3000000000000007,-1.8879798615481478
GRFS,15.5800,15.9750,15.4460,15.8900,308066,08/21/13,0.3000000000000007,1.9243104554201458
GRFS,15.7550,15.7550,15.3400,15.5900,293010,08/20/13,-0.10500000000000043,-0.6690028671551477
GRFS,16.0250,16.4800,15.6500,15.6950,338876,08/19/13,-0.27999999999999936,-1.7527386541471008
GRFS,15.8000,15.9900,15.5701,15.9750,772696,08/16/13,0.1999999999999993,1.2678288431061762
GRFS,15.6850,15.9550,15.5401,15.7750,148350,08/15/13,0.040000000000000924,0.25421035907213807
GRFS,15.8650,15.9725,15.6800,15.7350,316434,08/14/13,-0.16500000000000092,-1.0377358490566095
GRFS,15.7950,15.9650,15.6500,15.9000,155848,08/13/13,0.0600000000000005,0.37878787878788195
GRFS,16.2700,16.4950,15.8100,15.8400,503038,08/12/13,-0.4200000000000017,-2.583025830258313
GRFS,16.3000,16.5400,16.1700,16.2600,433608,08/09/13,-0.019999999999999574,-0.12285012285012022
GRFS,16.3050,16.4350,16.1850,16.2800,161952,08/08/13,0.08000000000000185,0.49382716049383857
GRFS,16.2750,16.3750,16.1750,16.2000,1.09 M,08/07/13,-0.054999999999999716,-0.3383574284835418
GRFS,16.2750,16.4900,16.1450,16.2550,657834,08/06/13,-0.019999999999999574,-0.12288786482334609
GRFS,16.4950,16.5050,16.2300,16.2750,397908,08/05/13,-0.21000000000000085,-1.2738853503184766
GRFS,16.3250,16.5600,16.3250,16.4850,964896,08/02/13,0.1750000000000007,1.0729613733905623
GRFS,15.8850,16.5250,15.8850,16.3100,945866,08/01/13,0.4399999999999995,2.7725267800882136
GRFS,15.7550,16.1150,15.6750,15.8700,991010,07/31/13,0.10499999999999865,0.6660323501427127
GRFS,15.6550,15.8650,15.5850,15.7650,206416,07/30/13,0.11500000000000021,0.7348242811501611
GRFS,15.6250,15.8750,15.5450,15.6500,143168,07/29/13,-0.025000000000000355,-0.15948963317384596
GRFS,15.4800,15.9953,15.3875,15.6750,588346,07/26/13,0.16999999999999993,1.0964205095130597
GRFS,15.2850,15.5550,15.1400,15.5050,461924,07/25/13,0.19000000000000128,1.240613777342483
GRFS,15.2650,15.5600,15.2400,15.3150,430030,07/24/13,0.04499999999999993,0.2946954813359524
GRFS,15.3850,15.4050,15.1350,15.2700,826832,07/23/13,-0.05000000000000071,-0.3263707571801613
GRFS,15.2200,15.4800,15.1500,15.3200,241978,07/22/13,0.2699999999999996,1.7940199335548144
GRFS,15.2000,15.3300,15.0000,15.0500,554248,07/19/13,-0.16000000000000014,-1.0519395134779759
GRFS,15.2000,15.3200,14.9800,15.2100,439804,07/18/13,0.010000000000001563,0.06578947368422082
GRFS,15.1800,15.2700,15.0750,15.2000,138662,07/17/13,0.08999999999999986,0.5956320317670408
GRFS,15.3950,15.3950,15.0500,15.1100,286082,07/16/13,-0.2400000000000002,-1.5635179153094476
GRFS,15.4450,15.5100,15.3200,15.3500,556814,07/15/13,-0.09999999999999964,-0.6472491909385091
GRFS,15.2600,15.5225,15.1650,15.4500,679308,07/12/13,0.21499999999999986,1.4112241549064646
GRFS,15.4700,15.5550,15.2000,15.2350,768092,07/11/13,0.10999999999999943,0.7272727272727235
GRFS,15.0700,15.2450,14.8500,15.1250,569766,07/10/13,0.09999999999999964,0.6655574043261208
GRFS,15.0950,15.1000,14.9250,15.0250,504932,07/09/13,-0.09499999999999886,-0.6283068783068708
GRFS,14.7150,15.1600,14.7150,15.1200,719454,07/08/13,0.14999999999999858,1.0020040080160226
GRFS,14.8600,15.0550,14.6400,14.9700,826158,07/05/13,0.1850000000000005,1.2512681772066316
GRFS,14.5200,14.8700,14.4500,14.7850,589918,07/03/13,0.16999999999999993,1.1631885049606563
GRFS,14.6500,14.9850,14.5750,14.6150,1.85 M,07/02/13,-0.22000000000000064,-1.4829794405123062
GRFS,14.3750,14.8450,14.3750,14.8350,1.42 M,07/01/13,0.5950000000000006,4.178370786516858
GRFS,14.0700,14.3400,14.0050,14.2400,431292,06/28/13,-0.02999999999999936,-0.21023125437981333
GRFS,13.7150,14.3050,13.6575,14.2700,1.83 M,06/27/13,0.7199999999999989,5.313653136531356
GRFS,13.2150,13.6750,13.1500,13.5500,1.42 M,06/26/13,0.6300000000000008,4.87616099071208
GRFS,12.9950,12.9950,12.6050,12.9200,1.28 M,06/25/13,-0.04499999999999993,-0.3470883146934048
GRFS,13.0000,13.0550,12.5650,12.9650,1.21 M,06/24/13,-0.27999999999999936,-2.114005285013208
GRFS,12.9050,13.2900,12.6600,13.2450,1.97 M,06/21/13,0.3249999999999993,2.515479876160985
GRFS,13.0050,13.0850,12.6550,12.9200,1.03 M,06/20/13,-0.34249999999999936,-2.5824693685202593
GRFS,13.2650,13.4250,13.1500,13.2625,1.25 M,06/19/13,0.03249999999999886,0.2456538170823799
GRFS,13.3000,13.4600,13.1100,13.2300,1.10 M,06/18/13,-0.05999999999999872,-0.4514672686230152
GRFS,13.2150,13.5800,13.1700,13.2900,1.14 M,06/17/13,0.1399999999999988,1.0646387832699529
GRFS,13.2150,13.3450,13.0750,13.1500,1.21 M,06/14/13,-0.02999999999999936,-0.22761760242791623
GRFS,13.1950,13.3050,13.0100,13.1800,812934,06/13/13,-0.025000000000000355,-0.1893222264293855
GRFS,13.6000,13.7750,13.1900,13.2050,2.02 M,06/12/13,-0.1999999999999993,-1.4919806042521395
GRFS,13.3500,13.6000,13.2700,13.4050,1.06 M,06/11/13,-0.015000000000000568,-0.11177347242921437
GRFS,13.7100,13.7100,13.4000,13.4200,387768,06/10/13,-0.2550000000000008,-1.864716636197446
GRFS,13.3700,13.9950,13.3450,13.6750,1.01 M,06/07/13,0.20500000000000007,1.5219005196733486
GRFS,13.4000,13.7250,13.3395,13.4700,1.16 M,06/06/13,0.07249999999999979,0.5411457361448015
GRFS,13.6200,13.9700,13.3850,13.3975,2.00 M,06/05/13,-0.22249999999999837,-1.6336270190895623
GRFS,14.0000,14.0200,13.5150,13.6200,2.06 M,06/04/13,0.254999999999999,1.9079685746352337
GRFS,13.5300,13.7600,13.3400,13.3650,549404,06/03/13,-0.26500000000000057,-1.9442406456346335
GRFS,13.7250,13.7950,13.6250,13.6300,1.80 M,05/31/13,-0.03999999999999915,-0.29261155815654094
GRFS,13.5600,13.7600,13.5600,13.6700,1.66 M,05/30/13,0.16999999999999993,1.2592592592592586
GRFS,13.6200,13.8550,13.4300,13.5000,1.23 M,05/29/13,-0.29499999999999993,-2.1384559623051826
GRFS,13.6400,13.9325,13.6300,13.7950,1.05 M,05/28/13,0.33000000000000007,2.450798366134423
GRFS,13.4450,13.5000,13.2350,13.4650,1.05 M,05/24/13,-0.02999999999999936,-0.22230455724341877
GRFS,13.1200,13.5800,12.9750,13.4950,1.96 M,05/23/13,0.1899999999999995,1.428034573468617
GRFS,13.4300,13.6000,12.7900,13.3050,1.01 M,05/22/13,-0.05000000000000071,-0.37439161362786005
GRFS,13.4750,13.5650,13.3500,13.3550,881272,05/21/13,-0.14499999999999957,-1.0740740740740709
GRFS,13.4850,13.6500,13.4250,13.5000,1.27 M,05/20/13,0.025000000000000355,0.18552875695733104
GRFS,13.4700,13.5900,13.3650,13.4750,2.29 M,05/17/13,0.049999999999998934,0.37243947858472204
GRFS,13.4250,13.7200,13.4050,13.4250,2.03 M,05/16/13,-0.14499999999999957,-1.0685335298452436
GRFS,13.6000,13.7600,13.5051,13.5700,1.27 M,05/15/13,-0.07000000000000028,-0.5131964809384185
GRFS,13.6950,13.9050,13.6150,13.6400,2.03 M,05/14/13,0.14000000000000057,1.0370370370370412
GRFS,13.4000,13.7550,12.7850,13.5000,1.77 M,05/13/13,-0.1999999999999993,-1.459854014598535
GRFS,14.2450,14.2500,13.6300,13.7000,2.15 M,05/10/13,-0.46499999999999986,-3.2827391457818558
GRFS,14.0350,14.2900,14.0210,14.1650,838600,05/09/13,-0.11000000000000121,-0.770577933450096
GRFS,14.2500,14.3949,14.1850,14.2750,5.97 M,05/08/13,0.40000000000000036,2.8828828828828854
GRFS,14.2150,14.2200,13.7200,13.8750,6.77 M,05/07/13,-0.75,-5.128205128205129
GRFS,15.5300,15.5300,14.4350,14.6250,877074,05/06/13,-0.3000000000000007,-2.010050251256286
GRFS,15.4500,15.4500,14.8550,14.9250,1.07 M,05/03/13,-0.125,-0.8305647840531561
GRFS,15.5250,15.5250,15.0150,15.0500,801742,05/02/13,-0.5299999999999994,-3.4017971758664913
GRFS,15.7350,15.8150,15.5350,15.5800,460478,05/01/13,-0.03500000000000014,-0.22414345180915876
GRFS,15.4100,15.6700,15.2750,15.6150,542752,04/30/13,0.32500000000000107,2.1255722694571686
GRFS,15.0150,15.2950,15.0050,15.2900,505452,04/29/13,0.3249999999999993,2.17173404610758
GRFS,15.0000,15.1425,14.8900,14.9650,112086,04/26/13,-0.125,-0.828363154406892
GRFS,14.9250,15.1850,14.9050,15.0900,318884,04/25/13,0.20999999999999908,1.4112903225806388
GRFS,14.9700,15.0250,14.7850,14.8800,1.38 M,04/24/13,-0.11999999999999922,-0.7999999999999948
GRFS,14.9000,15.1199,14.8320,15.0000,746252,04/23/13,0.054999999999999716,0.3680160588825675
GRFS,14.9750,15.0900,14.7600,14.9450,328026,04/22/13,0.21000000000000085,1.4251781472684144
GRFS,14.8800,14.8800,14.5550,14.7350,871214,04/19/13,-0.15000000000000036,-1.0077258985555952
GRFS,14.9200,14.9750,14.5000,14.8850,474794,04/18/13,-0.040000000000000924,-0.2680067001675104
GRFS,14.9850,15.0000,14.6250,14.9250,710146,04/17/13,-0.09999999999999964,-0.6655574043261208
GRFS,15.2400,15.3450,14.8400,15.0250,565904,04/16/13,-0.23000000000000043,-1.5077023926581476
GRFS,15.0250,15.2750,14.7900,15.2550,622800,04/15/13,0.3150000000000013,2.1084337349397675
GRFS,15.1150,15.1150,14.7500,14.9400,401254,04/12/13,-0.10500000000000043,-0.6979062811565332
GRFS,14.2050,15.1100,14.2050,15.0450,990420,04/11/13,0.8399999999999999,5.913410770855331
GRFS,14.3200,14.4500,14.1300,14.2050,691918,04/10/13,-0.16999999999999993,-1.1826086956521735
GRFS,14.4400,14.4800,14.1250,14.3750,351224,04/09/13,0.03500000000000014,0.24407252440725344
GRFS,14.4600,14.4600,14.1200,14.3400,235044,04/08/13,-0.0649999999999995,-0.4512322110378307
GRFS,14.4000,14.4050,14.1775,14.4050,477626,04/05/13,-0.125,-0.8602890571231935
GRFS,14.6500,14.6500,14.2950,14.5300,1.24 M,04/04/13,0.009999999999999787,0.06887052341597649
GRFS,14.5700,14.6000,14.4000,14.5200,1.39 M,04/03/13,0.03999999999999915,0.276243093922646
GRFS,14.4500,14.5650,14.4050,14.4800,705346,04/02/13,0.025000000000000355,0.1729505361466645
GRFS,14.5000,14.6250,14.3400,14.4550,317254,04/01/13,-0.05000000000000071,-0.3447087211306495
GRFS,14.6450,14.6450,14.3300,14.5050,735296,03/28/13,0.0,0.0
GRFS,14.4500,14.5250,14.2000,14.5050,562862,03/27/13,0.07500000000000107,0.5197505197505271
GRFS,14.1700,14.4450,14.1700,14.4300,1.18 M,03/26/13,0.3149999999999995,2.23166843783209
GRFS,14.3750,14.4000,14.0924,14.1150,328526,03/25/13,-0.04499999999999993,-0.317796610169491
GRFS,15.3950,15.3950,14.1450,14.1600,599270,03/22/13,-0.0649999999999995,-0.456942003514935
GRFS,14.2200,14.3150,14.0500,14.2250,235124,03/21/13,-0.1899999999999995,-1.3180714533472044
GRFS,14.4900,14.5300,14.0400,14.4150,490624,03/20/13,0.11499999999999844,0.8041958041957932
GRFS,14.8300,14.8400,14.0850,14.3000,3.04 M,03/19/13,-0.5149999999999988,-3.4762065474181494
GRFS,14.9300,15.1200,14.7750,14.8150,303952,03/18/13,-0.32500000000000107,-2.1466314398943265
GRFS,15.5150,15.5150,14.9850,15.1400,1.17 M,03/15/13,-0.1899999999999995,-1.2393998695368527
GRFS,14.8300,15.3650,14.8300,15.3300,1.32 M,03/14/13,0.48499999999999943,3.26709329740653
GRFS,14.7600,14.9800,14.6300,14.8450,788628,03/13/13,0.040000000000000924,0.27017899358325514
GRFS,14.5600,14.8200,14.5600,14.8050,879946,03/12/13,0.129999999999999,0.8858603066439454
GRFS,14.6250,14.7100,14.5100,14.6750,994816,03/11/13,0.16500000000000092,1.1371467953135832
GRFS,14.7750,14.7750,14.0900,14.5100,271552,03/08/13,-0.09999999999999964,-0.684462696783023
GRFS,14.7450,14.7450,14.5650,14.6100,569676,03/07/13,-0.040000000000000924,-0.2730375426621223
GRFS,14.8350,14.9150,14.6350,14.6500,1.31 M,03/06/13,-0.15499999999999936,-1.0469436001350851
GRFS,14.8850,14.9050,14.6250,14.8050,438808,03/05/13,0.10999999999999943,0.7485539299081281
GRFS,14.4700,14.7350,14.4700,14.6950,396702,03/04/13,-0.004999999999999005,-0.03401360544217011
GRFS,14.4450,14.7200,14.3800,14.7000,1.07 M,03/01/13,0.35999999999999943,2.510460251046021
GRFS,13.3900,14.4750,13.3900,14.3400,946948,02/28/13,0.025000000000000355,0.17464198393293998
GRFS,14.1450,14.4200,14.1250,14.3150,886512,02/27/13,0.1399999999999988,0.9876543209876457
GRFS,14.1500,14.3500,14.0775,14.1750,351554,02/26/13,0.07500000000000107,0.5319148936170288
GRFS,14.4000,14.4000,14.0950,14.1000,383344,02/25/13,-0.16000000000000014,-1.1220196353436196
GRFS,14.0250,14.2750,13.8760,14.2600,243108,02/22/13,0.254999999999999,1.820778293466612
GRFS,13.9800,14.1650,13.7200,14.0050,2.41 M,02/21/13,-0.125,-0.8846426043878273
GRFS,13.9750,14.2500,13.9750,14.1300,1.21 M,02/20/13,0.1850000000000005,1.3266403728935137
GRFS,13.7750,13.9750,13.5500,13.9450,451538,02/19/13,0.17999999999999972,1.3076643661460203
GRFS,13.9000,13.9950,13.7400,13.7650,651406,02/15/13,-0.009999999999999787,-0.07259528130671351
GRFS,13.7250,13.8100,13.5000,13.7750,199820,02/14/13,0.0649999999999995,0.4741064916119584
GRFS,13.5600,13.8450,13.5400,13.7100,155576,02/13/13,0.16500000000000092,1.2181616832779691
GRFS,13.2150,13.5750,13.2100,13.5450,622242,02/12/13,0.34999999999999964,2.6525198938992016
GRFS,13.2650,13.2900,13.1050,13.1950,427224,02/11/13,-0.04499999999999993,-0.3398791540785493
GRFS,13.0800,13.3350,13.0400,13.2400,432702,02/08/13,0.08999999999999986,0.6844106463878316
GRFS,13.4000,13.4000,13.0900,13.1500,483954,02/07/13,-0.21999999999999886,-1.6454749439042549
GRFS,13.4450,13.4450,13.2100,13.3700,388248,02/06/13,-0.07500000000000107,-0.5578281889178213
GRFS,13.1500,13.4900,13.1500,13.4450,1.03 M,02/05/13,0.16500000000000092,1.2424698795180793
GRFS,13.3000,13.3200,13.1100,13.2800,418002,02/04/13,-0.0600000000000005,-0.4497751124437818
GRFS,13.3450,13.5350,13.2400,13.3400,396210,02/01/13,0.03500000000000014,0.26305900037579966
GRFS,13.2950,13.4550,13.1400,13.3050,772044,01/31/13,-0.019999999999999574,-0.15009380863039082
GRFS,13.3300,13.3987,13.1500,13.3250,327288,01/30/13,0.014999999999998792,0.11269722013522758
GRFS,13.2550,13.4150,13.0700,13.3100,260474,01/29/13,0.025000000000000355,0.18818216033120327
GRFS,13.2050,13.3600,13.0300,13.2850,353470,01/28/13,0.2599999999999998,1.9961612284069081
GRFS,12.7950,13.0950,12.7600,13.0250,847720,01/25/13,0.28000000000000114,2.1969399764613664
GRFS,12.1550,12.7850,12.1250,12.7450,1.28 M,01/24/13,0.45500000000000007,3.7021969080553303
GRFS,12.2350,12.3750,12.1300,12.2900,1.76 M,01/23/13,0.054999999999999716,0.44953003677972797
GRFS,12.4500,12.4850,12.0750,12.2350,412568,01/22/13,-0.06500000000000128,-0.5284552845528558
GRFS,12.3800,12.3800,12.1800,12.3000,633004,01/18/13,-0.049999999999998934,-0.4048582995951331
GRFS,12.4250,12.4250,12.3000,12.3500,976110,01/17/13,-0.009999999999999787,-0.08090614886731219
GRFS,12.2500,12.4550,12.1500,12.3600,3.04 M,01/16/13,0.11500000000000021,0.9391588403429989
GRFS,12.2600,12.3550,12.1250,12.2450,327766,01/15/13,-0.0600000000000005,-0.4876066639577448
GRFS,12.2350,12.3450,12.0450,12.3050,249774,01/14/13,0.03500000000000014,0.28524857375713236
GRFS,12.3200,12.3850,12.0550,12.2700,239146,01/11/13,0.009999999999999787,0.08156606851549582
GRFS,12.3900,12.4000,12.2230,12.2600,227202,01/10/13,-0.005000000000000782,-0.040766408479419335
GRFS,12.3550,12.3650,12.2300,12.2650,477960,01/09/13,-0.07499999999999929,-0.6077795786061531
GRFS,12.2500,12.4300,12.1200,12.3400,378212,01/08/13,0.0600000000000005,0.48859934853420606
GRFS,12.4200,12.5899,12.2700,12.2800,875678,01/07/13,-0.19540000000000113,-1.5662824438495049
GRFS,12.7450,12.7450,12.4550,12.4754,703520,01/04/13,-0.29959999999999987,-2.3452054794520536
GRFS,12.8350,12.9750,12.6605,12.7750,343832,01/03/13,-0.03999999999999915,-0.3121342177136102
GRFS,13.2450,13.3245,12.7850,12.8150,415238,01/02/13,-0.15000000000000036,-1.1569610489780204
GRFS,12.8000,13.8900,12.6500,12.9650,342360,12/31/12,0.33000000000000007,2.611792639493471
GRFS,13.0350,13.1500,12.5000,12.6350,485344,12/28/12,0.08499999999999908,0.6772908366533791
GRFS,12.4900,12.5900,12.0500,12.5500,309422,12/27/12,0.19000000000000128,1.537216828478975
GRFS,12.4450,12.5000,12.1550,12.3600,237942,12/26/12,-0.03500000000000014,-0.2823719241629701
GRFS,11.9500,12.4400,11.9500,12.3950,282106,12/24/12,0.4450000000000003,3.7238493723849397
GRFS,11.6550,11.9522,11.5700,11.9500,1.68 M,12/21/12,0.1999999999999993,1.702127659574462
GRFS,11.7450,11.8000,11.5435,11.7500,8.31 M,12/20/12,0.05000000000000071,0.42735042735043344
GRFS,11.6000,11.8000,11.3955,11.7000,892176,12/19/12,0.10999999999999943,0.9490940465918847
GRFS,11.6200,11.7850,11.5000,11.5900,10.62 M,12/18/12,-0.009999999999999787,-0.0862068965517223
GRFS,11.6550,12.4450,11.5650,11.6000,4.87 M,12/17/12,-0.019999999999999574,-0.17211703958691546
GRFS,11.5450,11.7350,11.5450,11.6200,1.66 M,12/14/12,0.06999999999999851,0.6060606060605931
GRFS,11.6200,11.6250,11.3950,11.5500,1.35 M,12/13/12,-0.1349999999999998,-1.1553273427471098
GRFS,11.6600,11.8350,11.6500,11.6850,85486,12/12/12,0.025000000000000355,0.21440823327616085
GRFS,11.8750,11.9750,11.6000,11.6600,811058,12/11/12,0.0362000000000009,0.31142999707497465
GRFS,11.6524,11.9048,11.5048,11.6238,412406,12/10/12,-0.10000000000000142,-0.8529657619543273
GRFS,11.8048,11.8380,11.5286,11.7238,1.74 M,12/07/12,0.028600000000000847,0.2445447705041457
GRFS,11.7095,11.9048,11.6333,11.6952,379901,12/06/12,-0.06670000000000087,-0.5670852498320923
GRFS,11.7000,11.7857,11.1433,11.7619,605762,12/05/12,0.023800000000001376,0.20275853843468175
GRFS,11.6810,11.9667,11.6667,11.7381,73823,12/04/12,0.08569999999999922,0.7354708042978204
GRFS,11.6190,11.7267,11.4767,11.6524,170810,12/03/12,0.03810000000000002,0.328043876944801
GRFS,11.4429,11.7333,11.4000,11.6143,369321,11/30/12,0.09050000000000047,0.7853312275464731
GRFS,11.6048,11.7762,11.4762,11.5238,2.19 M,11/29/12,-0.07620000000000005,-0.6568965517241383
GRFS,11.6619,11.6619,11.4096,11.6000,753711,11/28/12,0.08099999999999952,0.7031860404548964
GRFS,11.5714,11.8190,11.4286,11.5190,662157,11/27/12,0.12850000000000072,1.1281330933672862
GRFS,11.5381,11.5429,11.3333,11.3905,2.18 M,11/26/12,-0.17140000000000022,-1.4824553057888428
GRFS,11.3952,11.6857,11.3952,11.5619,116386,11/23/12,0.3285999999999998,2.925231232140153
GRFS,11.4143,11.4143,11.0762,11.2333,317474,11/21/12,-0.11430000000000007,-1.0072614473545074
GRFS,11.3905,11.4286,11.2190,11.3476,273920,11/20/12,-0.08099999999999952,-0.7087482281294255
GRFS,11.4095,11.5405,11.3571,11.4286,226542,11/19/12,0.06229999999999869,0.5481115226590771
GRFS,11.4000,11.4810,11.1905,11.3663,260175,11/16/12,-0.08129999999999882,-0.7101925294384747
GRFS,12.3571,12.3571,11.4048,11.4476,298456,11/15/12,-0.11910000000000132,-1.0296800297405595
GRFS,11.6857,11.8524,11.4381,11.5667,244453,11/14/12,0.014300000000000423,0.12378380249991709
GRFS,11.5905,11.7095,11.4952,11.5524,402148,11/13/12,-0.033299999999998775,-0.28742328905459985
GRFS,11.6905,11.6948,11.4333,11.5857,346154,11/12/12,0.033299999999998775,0.28825179183545213
GRFS,11.5571,11.6995,11.4286,11.5524,99635,11/09/12,-0.09049999999999869,-0.7772977522782013
GRFS,11.6381,11.9000,11.4286,11.6429,612977,11/08/12,0.029299999999999216,0.252290418130461
GRFS,12.0238,12.0712,11.5762,11.6136,545423,11/07/12,-0.5006000000000004,-4.132340559013392
GRFS,12.4048,12.4905,12.0095,12.1142,730653,11/06/12,-0.15719999999999956,-1.2810274296331272
GRFS,12.4095,12.4929,12.1381,12.2714,1.03 M,11/05/12,-0.18570000000000064,-1.4907161377848828
GRFS,12.2476,12.4952,12.0929,12.4571,591362,11/02/12,0.19519999999999982,1.59192294831959
GRFS,11.9048,12.6143,11.9048,12.2619,1.52 M,11/01/12,0.2809000000000008,2.344545530423177
GRFS,11.8905,12.0095,11.6714,11.9810,835456,10/31/12,0.30959999999999965,2.652638072553418
GRFS,11.3143,11.7000,11.3143,11.6714,773151,10/26/12,0.22850000000000037,1.9968714224541013
GRFS,10.8333,11.5048,10.7810,11.4429,1.01 M,10/25/12,0.1286000000000005,1.1366147264965618
GRFS,11.2571,11.4238,11.1905,11.3143,183916,10/24/12,0.08569999999999922,0.7632296101027664
GRFS,11.5476,11.5476,11.0810,11.2286,640655,10/23/12,-0.1524000000000001,-1.3390738950883059
GRFS,11.3000,11.4095,11.1905,11.3810,423740,10/22/12,0.042899999999999494,0.378370273679007
GRFS,11.6000,11.7905,11.1905,11.3381,303492,10/19/12,-0.3285999999999998,-2.81656338124748
GRFS,11.7095,11.7857,11.4810,11.6667,726566,10/18/12,0.023800000000001376,0.2044164254610224
GRFS,11.6190,11.8524,11.5429,11.6429,2.54 M,10/17/12,0.0,0.0
GRFS,11.6952,11.9048,11.5714,11.6429,189134,10/16/12,0.047699999999998965,0.41137712156753625
GRFS,11.7333,11.7333,11.5429,11.5952,342684,10/15/12,-0.06189999999999962,-0.5310068541918627
GRFS,11.4333,11.7238,11.4333,11.6571,1.25 M,10/12/12,-0.009600000000000719,-0.08228547918435135
GRFS,11.9048,11.9048,11.5524,11.6667,1.24 M,10/11/12,0.009600000000000719,0.08235324394575597
GRFS,11.5333,11.7810,11.4762,11.6571,667023,10/10/12,0.09999999999999964,0.8652689688589668
GRFS,11.6762,11.6857,11.4810,11.5571,345811,10/09/12,-0.042899999999999494,-0.3698275862068922
GRFS,11.4333,11.7000,11.4333,11.6000,302039,10/08/12,-0.03810000000000002,-0.32737302480645486
GRFS,11.5476,11.8000,11.5476,11.6381,413108,10/05/12,0.2380999999999993,2.088596491228064
GRFS,11.3619,11.4524,11.3619,11.4000,84460,10/04/12,0.052400000000000446,0.4617716521555258
GRFS,11.5476,11.5476,11.3143,11.3476,555259,10/03/12,-0.10480000000000089,-0.9150920331109713
GRFS,11.5048,11.5667,11.3476,11.4524,2.03 M,10/02/12,-0.0237999999999996,-0.2073857200118471
GRFS,11.0238,11.5905,11.0238,11.4762,2.08 M,10/01/12,0.6048000000000009,5.56322092830731
GRFS,10.7143,10.9238,10.6333,10.8714,744828,09/28/12,0.11430000000000007,1.0625540340798176
GRFS,10.4857,10.8190,10.4857,10.7571,2.65 M,09/27/12,0.16189999999999927,1.528050437934152
GRFS,10.5810,10.6667,10.4952,10.5952,1.29 M,09/26/12,-0.02859999999999907,-0.26920687512941766
GRFS,10.7429,10.8095,10.5524,10.6238,1.40 M,09/25/12,-0.06670000000000087,-0.623918432252943
GRFS,10.8571,10.9333,10.6333,10.6905,1.50 M,09/24/12,-0.22380000000000067,-2.0505208762815816
GRFS,10.5857,10.9381,10.5857,10.9143,1.98 M,09/21/12,0.3714000000000013,3.5227499075207134
GRFS,10.3857,10.6190,10.3857,10.5429,1.51 M,09/20/12,0.10960000000000036,1.0504825894012477
GRFS,10.4857,10.5476,10.3524,10.4333,601713,09/19/12,-0.028600000000000847,-0.27337290549518584
GRFS,10.4762,10.5667,10.0148,10.4619,1.09 M,09/18/12,-0.004799999999999471,-0.04585972656137533
GRFS,10.2333,10.5571,10.2333,10.4667,814863,09/17/12,0.2571999999999992,2.519222292962429
GRFS,10.1762,10.3286,10.1762,10.2095,859419,09/14/12,0.12380000000000102,1.2274804921820104
GRFS,10.0000,10.1952,9.9857,10.0857,1.12 M,09/13/12,0.09049999999999869,0.9054346086121207
GRFS,9.9905,10.0429,9.9429,9.9952,377979,09/12/12,0.0666000000000011,0.670789436577172
GRFS,9.9524,9.9952,9.8571,9.9286,322388,09/11/12,0.02859999999999907,0.2888888888888795
GRFS,9.8857,9.9857,9.8810,9.9000,259747,09/10/12,-0.0666999999999991,-0.6692285310082484
GRFS,9.9190,10.0905,9.7667,9.9667,368050,09/07/12,0.03810000000000002,0.38373990290675447
GRFS,9.8810,10.1190,9.8476,9.9286,398248,09/06/12,0.08569999999999922,0.870678356988278
GRFS,9.7619,9.9000,9.7619,9.8429,340059,09/05/12,0.03810000000000002,0.38858518276762427
GRFS,9.7857,9.9412,9.7762,9.8048,418104,09/04/12,0.009600000000000719,0.09800718719373488
GRFS,9.7952,9.8429,9.6238,9.7952,399494,08/31/12,0.1142000000000003,1.1796302034913781
GRFS,9.6429,9.7190,9.6143,9.6810,879186,08/30/12,0.03810000000000002,0.3951093550695333
GRFS,9.6905,9.9714,9.6238,9.6429,560708,08/29/12,0.023899999999999366,0.24846657656720414
GRFS,9.6190,9.6571,9.5762,9.6190,311273,08/28/12,-0.023899999999999366,-0.2478507502929551
GRFS,9.6619,9.8905,9.5429,9.6429,131067,08/27/12,-0.009500000000000952,-0.09842111806391107
GRFS,9.6905,10.2190,9.6095,9.6524,437554,08/24/12,0.014300000000000423,0.14836949191231077
GRFS,9.6190,10.2238,9.5381,9.6381,417890,08/23/12,-0.004799999999999471,-0.04977755654418766
GRFS,9.7095,9.8381,9.5952,9.6429,165010,08/22/12,-0.1142000000000003,-1.1704297383443882
GRFS,9.8095,9.8095,9.6857,9.7571,813343,08/21/12,-0.07150000000000034,-0.7274688154976329
GRFS,9.9905,9.9905,9.7857,9.8286,546080,08/20/12,-0.19519999999999982,-1.9473652706558373
GRFS,9.9286,10.0476,9.8619,10.0238,511268,08/17/12,0.0237999999999996,0.237999999999996
GRFS,9.6714,10.0190,9.6714,10.0000,332984,08/16/12,0.2857000000000003,2.9410250867278167
GRFS,9.6048,9.7286,9.6048,9.7143,329144,08/15/12,0.07140000000000057,0.7404411535948789
GRFS,9.6429,9.7000,9.5381,9.6429,1.30 M,08/14/12,0.047699999999998965,0.49712356178087963
GRFS,9.5667,9.6110,9.5238,9.5952,407096,08/13/12,-0.019099999999999895,-0.1986624091197476
GRFS,9.6333,9.7190,9.5714,9.6143,308372,08/10/12,-0.08569999999999922,-0.8835051546391673
GRFS,9.8952,9.9476,9.6429,9.7000,561103,08/09/12,-0.20480000000000054,-2.0676843550601784
GRFS,9.9476,10.0905,9.7857,9.9048,281138,08/08/12,-0.1333000000000002,-1.3279405465177692
GRFS,10.1190,10.2262,10.0000,10.0381,154749,08/07/12,-0.07140000000000057,-0.7062663831050059
GRFS,10.0095,10.2143,10.0048,10.1095,1.09 M,08/06/12,-0.004799999999999471,-0.04745756008818674
GRFS,10.0048,10.1190,9.9333,10.1143,815430,08/03/12,0.06670000000000087,0.6638401210239349
GRFS,10.0048,10.1095,9.7619,10.0476,1.30 M,08/02/12,-0.0619000000000014,-0.612295365745105
GRFS,10.6190,10.6190,9.9952,10.1095,3.65 M,08/01/12,-0.5190999999999999,-4.883992247332667
GRFS,10.6238,10.8810,10.5952,10.6286,2.46 M,07/31/12,0.20000000000000107,1.917802964923394
GRFS,10.3810,10.4286,10.1667,10.4286,498349,07/30/12,0.0237999999999996,0.22874058127017916
GRFS,10.3238,10.4762,10.3143,10.4048,1.78 M,07/27/12,-0.009500000000000952,-0.09122072534880839
GRFS,10.3000,10.4762,10.2619,10.4143,2.64 M,07/26/12,0.3429000000000002,3.404690509760313
GRFS,10.0190,10.1476,10.0000,10.0714,1.76 M,07/25/12,0.02850000000000108,0.2837825727628582
GRFS,9.9429,10.1400,9.7429,10.0429,2.19 M,07/24/12,0.33809999999999896,3.4838430467397465
GRFS,8.9571,9.7619,8.8119,9.7048,1.40 M,07/23/12,-0.1999999999999993,-2.019223002988443
GRFS,9.9048,10.0000,9.8000,9.9048,1.03 M,07/20/12,-0.09520000000000017,-0.9520000000000017
GRFS,10.0762,10.1048,9.8952,10.0000,450351,07/19/12,-0.07620000000000005,-0.7562374704749811
GRFS,9.7714,10.1048,9.7619,10.0762,4.59 M,07/18/12,0.3332999999999995,3.420952693756474
GRFS,9.5905,9.8190,9.5238,9.7429,920449,07/17/12,0.1905000000000001,1.994263221808133
GRFS,9.5810,9.6476,9.4476,9.5524,579128,07/16/12,-0.12379999999999924,-1.2794278745788559
GRFS,9.3524,9.7810,9.2667,9.6762,3.32 M,07/13/12,0.3332999999999995,3.5674148283723413
GRFS,9.2381,9.3429,9.0571,9.3429,384650,07/12/12,0.03810000000000002,0.4094660820221823
GRFS,9.3333,9.4762,9.2095,9.3048,597881,07/11/12,0.009600000000000719,0.10327911179964626
GRFS,9.2762,9.4286,9.2381,9.2952,1.04 M,07/10/12,0.03810000000000002,0.41157597951842395
GRFS,9.2857,9.3810,9.0952,9.2571,1.18 M,07/09/12,0.0,0.0
GRFS,9.2286,9.2857,9.1381,9.2571,847551,07/06/12,-0.019099999999999895,-0.20590327936008168
GRFS,9.2571,9.5238,9.1238,9.2762,1.24 M,07/05/12,-0.019000000000000128,-0.20440657543678598
GRFS,9.2190,9.4476,9.1619,9.2952,818005,07/03/12,0.07620000000000005,0.8265538561666129
GRFS,9.1238,9.2952,9.0476,9.2190,1.58 M,07/02/12,0.07610000000000028,0.8323398484069637
GRFS,9.0000,9.1714,8.9333,9.1429,1.43 M,06/29/12,0.22859999999999836,2.5644189672772773
GRFS,8.8381,8.9333,8.6476,8.9143,1.18 M,06/28/12,0.03810000000000002,0.42923773686938127
GRFS,8.6857,9.0095,8.6286,8.8762,2.05 M,06/27/12,0.1333000000000002,1.5246657287627696
GRFS,8.4857,8.7714,8.4095,8.7429,2.78 M,06/26/12,0.16190000000000104,1.8867264887542368
GRFS,8.4857,8.6000,8.3905,8.5810,504880,06/25/12,0.0,0.0
GRFS,8.4667,8.7238,8.3810,8.5810,1.82 M,06/22/12,0.12389999999999901,1.4650412079790827
GRFS,8.5238,8.6190,8.4381,8.4571,371039,06/21/12,-0.12389999999999901,-1.4438876587810163
GRFS,8.5905,8.6476,8.5143,8.5810,752989,06/20/12,-0.038000000000000256,-0.4408864137370955
GRFS,8.5714,8.6667,8.5238,8.6190,740125,06/19/12,0.05710000000000015,0.6669080461112621
GRFS,8.4952,8.6190,8.4190,8.5619,777656,06/18/12,-0.019099999999999895,-0.22258478032863183
GRFS,8.6190,8.6190,8.0952,8.5810,848437,06/15/12,-0.02850000000000108,-0.33102967652013565
GRFS,8.5714,8.7429,8.5714,8.6095,2.28 M,06/14/12,0.019000000000000128,0.22117455328560767
GRFS,8.4381,8.7619,8.3810,8.5905,1.42 M,06/13/12,0.12380000000000102,1.4621989677206118
GRFS,8.3333,8.5429,8.2000,8.4667,704468,06/12/12,0.1905000000000001,2.301781010608735
GRFS,8.3048,8.5143,8.1810,8.2762,1.26 M,06/11/12,0.03810000000000002,0.4624852818004155
GRFS,8.0571,8.2571,7.9810,8.2381,669465,06/08/12,0.14289999999999914,1.7652436011463477
GRFS,8.7905,8.7905,8.0857,8.0952,717935,06/07/12,0.14280000000000026,1.7956843217142027
GRFS,7.8381,8.0333,7.7333,7.9524,494447,06/06/12,0.1761999999999997,2.2658882230395267
GRFS,7.7238,8.1048,7.6286,7.7762,1.32 M,06/05/12,0.014300000000000423,0.18423324186089005
GRFS,7.9524,7.9524,7.6190,7.7619,1.85 M,06/04/12,-0.1905000000000001,-2.3955032443036077
GRFS,7.9524,8.0762,7.8667,7.9524,681167,06/01/12,-0.11430000000000096,-1.416936293651691
GRFS,8.0381,8.1121,7.9238,8.0667,1.78 M,05/31/12,0.01910000000000167,0.2373378398528962
GRFS,8.1238,8.2429,8.0190,8.0476,700817,05/30/12,-0.1524000000000001,-1.8585365853658549
GRFS,8.3143,8.3619,8.0952,8.2000,714994,05/29/12,0.0475999999999992,0.583877140473961
GRFS,8.2095,8.5429,8.1000,8.1524,467683,05/25/12,-0.02859999999999907,-0.3495905146070049
GRFS,8.2476,8.2476,8.1048,8.1810,1.36 M,05/24/12,-0.02850000000000108,-0.34715877946283064
GRFS,8.3714,8.3810,8.1714,8.2095,867044,05/23/12,-0.2380999999999993,-2.818552014773419
GRFS,8.5810,8.5810,7.9429,8.4476,913327,05/22/12,-0.17140000000000022,-1.988629771435204
GRFS,8.4762,8.6190,8.4762,8.6190,1.01 M,05/21/12,0.23799999999999955,2.8397565922920838
GRFS,8.3714,8.5714,8.3333,8.3810,1.31 M,05/18/12,-0.14279999999999937,-1.6753091344236066
GRFS,8.6381,8.6619,8.5048,8.5238,1.16 M,05/17/12,-0.1333000000000002,-1.5397765995541255
GRFS,8.6952,8.7524,8.6190,8.6571,833294,05/16/12,-0.009600000000000719,-0.11076880473537469
GRFS,8.7619,8.8095,8.6000,8.6667,1.45 M,05/15/12,-0.0713999999999988,-0.8171112713289937
GRFS,8.7429,8.8190,8.6000,8.7381,1.67 M,05/14/12,-0.0619000000000014,-0.7034090909091067
GRFS,8.6190,8.8381,8.3714,8.8000,2.50 M,05/11/12,0.17140000000000022,1.9864172635189974
GRFS,8.8095,8.8190,8.4952,8.6286,3.44 M,05/10/12,-0.1524000000000001,-1.7355654253501889
GRFS,8.7619,8.8476,8.7619,8.7810,4.79 M,05/09/12,-0.43799999999999883,-4.751057598437996
GRFS,9.1238,9.2857,8.9810,9.2190,1.21 M,05/08/12,0.08569999999999922,0.9383245924255113
GRFS,9.1429,9.2286,9.0000,9.1333,2.18 M,05/07/12,-0.009599999999998943,-0.10499950781479557
GRFS,9.2857,9.2857,9.0857,9.1429,1.71 M,05/04/12,-0.1333000000000002,-1.437010844958067
GRFS,9.1905,9.2952,9.0952,9.2762,1.78 M,05/03/12,0.13809999999999967,1.5112550749061586
GRFS,9.1238,9.1524,8.9619,9.1381,2.31 M,05/02/12,0.004799999999999471,0.05255493633187863
GRFS,9.0857,9.2000,8.9429,9.1333,2.30 M,05/01/12,0.12380000000000102,1.374105111271447
GRFS,9.0095,9.0381,8.8476,9.0095,6.02 M,04/30/12,-0.028600000000000847,-0.3164381894424807
GRFS,9.0476,9.1143,8.9333,9.0381,3.84 M,04/27/12,-0.03810000000000002,-0.4197792027500498
GRFS,9.0476,9.0857,8.9429,9.0762,2.52 M,04/26/12,0.06670000000000087,0.7403296520339738
GRFS,8.8571,9.0571,8.7238,9.0095,3.03 M,04/25/12,0.10469999999999935,1.1757703710358385
GRFS,8.4286,8.9143,8.3810,8.9048,6.09 M,04/24/12,1.0,12.650541443173768
GRFS,7.9333,8.0095,7.7429,7.9048,3.73 M,04/23/12,-0.14279999999999937,-1.7744420696853644
GRFS,7.7238,8.0571,7.6238,8.0476,3.83 M,04/20/12,0.3808999999999996,4.968239268524915
GRFS,7.6190,7.7238,7.4952,7.6667,3.52 M,04/19/12,0.03810000000000002,0.49943633169913254
GRFS,7.5524,7.6667,7.3905,7.6286,1.49 M,04/18/12,0.0,0.0
GRFS,7.5238,7.6667,7.4476,7.6286,1.30 M,04/17/12,0.12379999999999924,1.649610915680621
GRFS,7.5143,7.5714,7.3143,7.5048,1.68 M,04/16/12,0.05719999999999992,0.7680326548149728
GRFS,7.5143,7.5333,7.4000,7.4476,1.13 M,04/13/12,-0.05719999999999992,-0.7621788721884649
GRFS,7.4762,7.5143,7.3905,7.5048,1.69 M,04/12/12,0.02859999999999996,0.38254728337925625
GRFS,7.4762,7.5429,7.3571,7.4762,2.16 M,04/11/12,0.04760000000000009,0.6407667662816693
GRFS,7.4762,7.4952,7.3429,7.4286,2.23 M,04/10/12,-0.009500000000000064,-0.12772078891114752
GRFS,7.3143,7.5524,7.3143,7.4381,4.67 M,04/09/12,-0.1332999999999993,-1.7605726814063358
GRFS,7.5714,7.5762,7.4857,7.5714,1.58 M,04/05/12,-0.04760000000000009,-0.6247539047119056
GRFS,7.5143,7.6286,7.4762,7.6190,2.55 M,04/04/12,0.028500000000000192,0.3754693366708411
GRFS,7.5333,7.6190,7.4381,7.5905,826775,04/03/12,0.05239999999999956,0.6951353789416372
GRFS,7.3143,7.5429,7.2762,7.5381,1.96 M,04/02/12,0.19519999999999982,2.658350243091964
GRFS,7.4000,7.4190,7.2857,7.3429,2.93 M,03/30/12,-0.05710000000000015,-0.7716216216216236
GRFS,7.3524,7.4571,7.3429,7.4000,244515,03/29/12,-0.02859999999999996,-0.3849985192364639
GRFS,7.4286,7.5238,7.2952,7.4286,7.12 M,03/28/12,0.0,0.0
GRFS,7.2762,7.4381,7.2190,7.4286,2.86 M,03/27/12,0.14290000000000003,1.9613763948556764
GRFS,7.2000,7.3333,7.1381,7.2857,3.83 M,03/26/12,0.12380000000000013,1.7285915748614213
GRFS,7.0762,7.1619,7.0476,7.1619,2.09 M,03/23/12,0.1048,1.4850292613113036
GRFS,7.0476,7.0857,6.9905,7.0571,2.00 M,03/22/12,-0.009599999999999831,-0.135848415809357
GRFS,7.0190,7.0952,6.9524,7.0667,510418,03/21/12,0.06669999999999998,0.9528571428571426
GRFS,6.9524,7.0952,6.8476,7.0000,1.15 M,03/20/12,0.019000000000000128,0.27216731127345833
GRFS,6.8000,7.1143,6.8000,6.9810,1.37 M,03/19/12,0.03810000000000002,0.5487620446787369
GRFS,6.9238,6.9524,6.8476,6.9429,413867,03/16/12,-0.028500000000000192,-0.4088131508735719
GRFS,6.8381,6.9905,6.6667,6.9714,1.74 M,03/15/12,0.06660000000000021,0.96454640250261
GRFS,6.8762,6.9810,6.8381,6.9048,1.20 M,03/14/12,0.02859999999999996,0.41592740176260085
GRFS,6.7905,6.9048,6.7524,6.8762,938418,03/13/12,0.08570000000000011,1.2620572859141463
GRFS,6.7429,6.8190,6.6857,6.7905,891786,03/12/12,0.02859999999999996,0.42295804433665035
GRFS,6.7048,6.8000,6.6667,6.7619,649473,03/09/12,0.04760000000000009,0.7089346618411463
GRFS,6.5714,6.7714,6.5714,6.7143,747179,03/08/12,0.18100000000000005,2.7704222980729503
GRFS,6.4952,6.5905,6.4952,6.5333,1.09 M,03/07/12,0.03810000000000002,0.5865870181056784
GRFS,6.5524,6.6143,6.4667,6.4952,1.34 M,03/06/12,-0.1048,-1.5878787878787881
GRFS,6.6000,6.7714,6.5714,6.6000,1.15 M,03/05/12,0.009500000000000064,0.14414687808208884
GRFS,6.7143,6.8048,6.5714,6.5905,938320,03/02/12,-0.14280000000000026,-2.120802578230589
GRFS,6.7810,6.7810,6.5905,6.7333,736457,03/01/12,-0.03810000000000002,-0.5626606019434685
GRFS,6.7714,6.7810,6.6762,6.7714,1.26 M,02/29/12,0.009500000000000064,0.14049305668525214
GRFS,6.7429,6.8095,6.6286,6.7619,1.51 M,02/28/12,0.019000000000000128,0.2817778700559126
GRFS,6.5810,6.8190,6.5620,6.7429,1.69 M,02/27/12,0.1238999999999999,1.8718839703882748
GRFS,6.4571,6.6571,6.4571,6.6190,1.42 M,02/24/12,0.14279999999999937,2.2049967573577
GRFS,6.4095,6.5714,6.3905,6.4762,821558,02/23/12,0.07620000000000005,1.1906250000000007
GRFS,6.4000,6.4667,6.3333,6.4000,2.66 M,02/22/12,0.03810000000000002,0.5988776937707292
GRFS,6.3714,6.4649,6.3333,6.3619,2.76 M,02/21/12,0.019000000000000128,0.29954752557978415
GRFS,6.3714,6.3905,6.2095,6.3429,1.77 M,02/17/12,0.09529999999999994,1.52538574812728
GRFS,6.3048,6.3143,6.2286,6.2476,1.50 M,02/16/12,-0.08570000000000011,-1.353165016657984
GRFS,6.4381,6.5143,6.2762,6.3333,2.18 M,02/15/12,-0.02859999999999996,-0.4495512346940373
GRFS,6.3333,6.4762,6.2857,6.3619,1.63 M,02/14/12,0.019000000000000128,0.29954752557978415
GRFS,6.4381,6.5238,6.3238,6.3429,1.45 M,02/13/12,-0.03810000000000002,-0.597085096379878
GRFS,6.4762,6.5048,6.3381,6.3810,1.05 M,02/10/12,-0.11419999999999941,-1.7582214558443068
GRFS,6.6381,6.6571,6.4857,6.4952,1.76 M,02/09/12,-0.17149999999999999,-2.572487137564312
GRFS,6.6476,6.7143,6.6190,6.6667,2.55 M,02/08/12,0.02859999999999996,0.4308461758635748
GRFS,6.5619,6.6857,6.4762,6.6381,1.51 M,02/07/12,0.1048,1.6040898167847797
GRFS,6.5429,6.5714,6.4571,6.5333,654791,02/06/12,-0.05719999999999992,-0.8679159396100435
GRFS,6.4667,6.6190,6.3905,6.5905,1.37 M,02/03/12,0.06669999999999998,1.0224102516937978
GRFS,6.1810,6.5714,6.1429,6.5238,3.11 M,02/02/12,0.39979999999999993,6.528412802090136
GRFS,6.0857,6.1429,6.0286,6.1240,922350,02/01/12,0.07639999999999958,1.2633110655466562
GRFS,6.1429,6.1429,5.9524,6.0476,509777,01/31/12,-0.02859999999999996,-0.47068891741548924
GRFS,6.1333,6.1429,6.0000,6.0762,2.38 M,01/30/12,-0.1048,-1.695518524510597
GRFS,6.0381,6.1905,6.0381,6.1810,1.02 M,01/27/12,0.1238999999999999,2.0455333410377885
GRFS,6.1905,6.1905,6.0476,6.0571,1.11 M,01/26/12,-0.08579999999999988,-1.3967344413876162
GRFS,6.1143,6.1810,5.9714,6.1429,2.51 M,01/25/12,0.05719999999999992,0.939908309643918
GRFS,6.0190,6.1238,5.9429,6.0857,2.85 M,01/24/12,0.10470000000000024,1.7505433873934164
GRFS,5.8571,6.0571,5.7810,5.9810,2.08 M,01/23/12,0.1048,1.7834655049181445
GRFS,5.7810,5.8952,5.6762,5.8762,895284,01/20/12,0.11430000000000007,1.9837206477030158
GRFS,5.6286,5.8667,5.5810,5.7619,3.06 M,01/19/12,0.12380000000000013,2.195775172487188
GRFS,5.4190,5.6571,5.4190,5.6381,4.60 M,01/18/12,0.22859999999999925,4.225898881597176
GRFS,5.2762,5.4286,5.1143,5.4095,804881,01/17/12,0.16190000000000015,3.0852199100541227
GRFS,5.3810,5.3810,5.2381,5.2476,341425,01/13/12,-0.1524000000000001,-2.8222222222222237
GRFS,5.3714,5.4571,5.3238,5.4000,628563,01/12/12,0.019000000000000128,0.3530942204051315
GRFS,5.2190,5.4762,5.0667,5.3810,550148,01/11/12,0.1524000000000001,2.9147381708296694
GRFS,5.1429,5.2667,5.1048,5.2286,615794,01/10/12,0.1048,2.0453569616300404
GRFS,5.0667,5.2333,5.0667,5.1238,242495,01/09/12,0.0,0.0
GRFS,5.1810,5.1810,5.0952,5.1238,296454,01/06/12,-0.05719999999999992,-1.104033970276007
GRFS,5.2286,5.2286,5.0952,5.1810,633549,01/05/12,-0.038000000000000256,-0.728108833109796
GRFS,5.2571,5.2667,5.1333,5.2190,392137,01/04/12,-0.03810000000000002,-0.7247341690285523
GRFS,5.3333,5.4095,5.0762,5.2571,696119,01/03/12,-0.009599999999999831,-0.18227732735868438
GRFS,5.2952,5.3048,5.1429,5.2667,460625,12/30/11,-0.06660000000000021,-1.2487578047362835
GRFS,5.2095,5.3619,5.1619,5.3333,661962,12/29/11,0.09520000000000017,1.8174528932246459
GRFS,5.3429,5.3429,5.1238,5.2381,409644,12/28/11,-0.1333000000000002,-2.4816621365007294
GRFS,5.2952,5.3810,5.1810,5.3714,133463,12/27/11,0.03810000000000002,0.7143794648716558
GRFS,5.1333,5.3333,5.1333,5.3333,695378,12/23/11,0.22850000000000037,4.4761792822441695
GRFS,5.2381,5.2381,5.0857,5.1048,263250,12/22/11,-0.1333000000000002,-2.544815868349214
GRFS,5.0000,5.2762,5.0000,5.2381,7.56 M,12/21/11,0.25710000000000033,5.161614133708097
GRFS,4.9524,5.1428,4.9048,4.9810,1.54 M,12/20/11,0.1238999999999999,2.5509048609252414
GRFS,4.7238,4.8762,4.7238,4.8571,639098,12/19/11,0.18090000000000028,3.8685257260168577
GRFS,4.6667,4.6952,4.6190,4.6762,2.17 M,12/16/11,0.009500000000000064,0.20356997450018352
GRFS,4.6952,4.7048,4.5429,4.6667,2.74 M,12/15/11,-0.05710000000000015,-1.2087725983318547
GRFS,4.7524,4.7619,4.5810,4.7238,2.82 M,12/14/11,-0.20950000000000024,-4.246650315204837
GRFS,4.8952,4.9333,4.8095,4.9333,1.98 M,12/13/11,-0.047699999999999854,-0.9576390283075659
GRFS,5.0762,5.0762,4.8952,4.9810,800321,12/12/11,-0.16190000000000015,-3.148029321977875
GRFS,5.1619,5.2381,5.0762,5.1429,949391,12/09/11,-0.04760000000000009,-0.9170600134861783
GRFS,5.1810,5.3143,5.0857,5.1905,633802,12/08/11,-0.04760000000000009,-0.9087264466123229
GRFS,5.1905,5.2476,5.0476,5.2381,2.27 M,12/07/11,-0.03810000000000002,-0.7221106099086467
GRFS,5.2952,5.3190,4.9238,5.2762,293945,12/06/11,-0.03810000000000002,-0.7169335566302245
GRFS,5.1905,5.3619,5.1905,5.3143,1.34 M,12/05/11,0.20950000000000024,4.103980567309204
GRFS,4.9714,5.1714,4.9714,5.1048,1.05 M,12/02/11,0.17149999999999999,3.476374840370543
GRFS,5.0286,5.0286,4.7619,4.9333,629082,12/01/11,-0.33340000000000014,-6.330339681394425
GRFS,5.0476,5.2762,5.0476,5.2667,720671,11/30/11,0.33340000000000014,6.758153771309269
GRFS,4.8952,4.9524,4.8000,4.9333,1.46 M,11/29/11,0.08570000000000011,1.7678851390378767
GRFS,4.8571,4.9524,4.8095,4.8476,1.85 M,11/28/11,0.10470000000000024,2.2075101731008506
GRFS,4.8000,4.8000,4.6667,4.7429,389088,11/25/11,-0.09520000000000017,-1.9677145987061073
GRFS,4.8762,4.8952,4.6667,4.8381,660004,11/23/11,-0.09520000000000017,-1.9297427685322233
GRFS,4.9143,4.9524,4.8381,4.9333,1.93 M,11/22/11,-0.019099999999999895,-0.38567159357079184
GRFS,5.0762,5.1000,4.7333,4.9524,811715,11/21/11,-0.17140000000000022,-3.3451735040399746
GRFS,5.1429,5.2476,5.0476,5.1238,3.24 M,11/18/11,0.009500000000000064,0.18575367107913232
GRFS,5.0571,5.1429,4.9905,5.1143,260548,11/17/11,0.03810000000000002,0.7505614435995434
GRFS,5.1429,5.1619,5.0190,5.0762,1.47 M,11/16/11,-0.06669999999999998,-1.2969336366641386
GRFS,5.2000,5.2190,5.0571,5.1429,1.99 M,11/15/11,-0.07610000000000028,-1.4581337420961922
GRFS,5.3333,5.3524,5.1333,5.2190,1.75 M,11/14/11,-0.13339999999999996,-2.492339884911441
GRFS,5.5048,5.5048,5.2857,5.3524,347931,11/11/11,0.0,0.0
GRFS,5.2762,5.3524,5.1714,5.3524,290324,11/10/11,0.09529999999999994,1.8127865172813897
GRFS,5.5143,5.5143,5.2000,5.2571,361101,11/09/11,-0.36189999999999944,-6.440647802100008
GRFS,5.7238,5.7714,5.5429,5.6190,437249,11/08/11,-0.09529999999999994,-1.6677458306354225
GRFS,5.6381,5.7143,5.5429,5.7143,404944,11/07/11,0.1048,1.8682592031375347
GRFS,5.6476,5.7143,5.5714,5.6095,291279,11/04/11,-0.09529999999999994,-1.670523068293366
GRFS,5.7048,5.8095,5.4762,5.7048,548786,11/03/11,0.019099999999999895,0.33593049228766725
GRFS,5.8667,5.8667,5.6000,5.6857,534800,11/02/11,-0.12380000000000013,-2.130992340132544
GRFS,5.9619,5.9619,5.6667,5.8095,692823,11/01/11,-0.2953000000000001,-4.837177303105755
GRFS,6.1333,6.1714,5.9429,6.1048,276172,10/31/11,-0.06660000000000021,-1.0791716628317758
GRFS,6.0000,6.1905,6.0000,6.1714,945046,10/28/11,0.16190000000000015,2.694067726100344
GRFS,6.0571,6.1143,5.9619,6.0095,344098,10/27/11,0.009500000000000064,0.1583333333333344
GRFS,6.0952,6.1238,5.9714,6.0000,628065,10/26/11,-0.02859999999999996,-0.4744053345718734
GRFS,6.1238,6.1429,5.9905,6.0286,390730,10/25/11,-0.08570000000000011,-1.401632239177013
GRFS,6.0286,6.1238,5.9619,6.1143,173055,10/24/11,0.1048,1.7439054829852734
GRFS,6.0381,6.0476,5.9238,6.0095,129495,10/21/11,0.0,0.0
GRFS,6.1619,6.1810,5.8571,6.0095,472139,10/20/11,-0.18100000000000005,-2.9238349083272763
GRFS,6.2381,6.2381,6.1714,6.1905,1.79 M,10/19/11,-0.009500000000000064,-0.15322580645161393
GRFS,6.1905,6.2952,6.1619,6.2000,455607,10/18/11,0.05710000000000015,0.9295283986390818
GRFS,6.3143,6.3143,6.1429,6.1429,338018,10/17/11,-0.20950000000000024,-3.2979661230401143
GRFS,6.1238,6.4286,6.0667,6.3524,2.35 M,10/14/11,0.3238000000000003,5.371064592110943
GRFS,6.0571,6.0667,5.9143,6.0286,438722,10/13/11,-0.019000000000000128,-0.3141742178715545
GRFS,6.1810,6.2048,6.0000,6.0476,1.19 M,10/12/11,-0.09529999999999994,-1.5513845252242418
GRFS,6.1429,6.1905,6.1238,6.1429,3.10 M,10/11/11,-0.028500000000000192,-0.4618076935541399
GRFS,6.0952,6.1905,6.0000,6.1714,1.41 M,10/10/11,0.14280000000000026,2.3687091530371935
GRFS,6.0000,6.0952,5.8571,6.0286,698964,10/07/11,0.08570000000000011,1.442056908243452
GRFS,5.9143,5.9524,5.7143,5.9429,285617,10/06/11,0.047699999999999854,0.8091328538471952
GRFS,5.8952,5.9524,5.7810,5.8952,418359,10/05/11,0.0,0.0
GRFS,5.9238,5.9429,5.7524,5.8952,553522,10/04/11,-0.08579999999999988,-1.4345427186089261
GRFS,6.0190,6.0667,5.8571,5.9810,1.34 M,10/03/11,-0.10470000000000024,-1.7204265737713038
GRFS,5.9810,6.0952,5.9524,6.0857,1.25 M,09/30/11,0.0,0.0
GRFS,6.2286,6.2476,6.0190,6.0857,5.43 M,09/29/11,-0.009500000000000064,-0.15586034912718308
GRFS,6.0000,6.1333,6.0000,6.0952,6.81 M,09/28/11,0.12380000000000013,2.073215661318956
GRFS,5.7143,6.0857,5.6667,5.9714,4.16 M,09/27/11,0.36190000000000033,6.451555397094221
GRFS,5.5238,5.6238,5.4762,5.6095,3.15 M,09/26/11,0.12380000000000013,2.2567767103560192
GRFS,5.4667,5.4952,5.0476,5.4857,3.37 M,09/23/11,0.22859999999999925,4.348405014171297
GRFS,5.5333,5.6190,5.2190,5.2571,3.31 M,09/22/11,-0.5523999999999996,-9.508563559686712
GRFS,5.9143,5.9524,5.7619,5.8095,2.32 M,09/21/11,-0.12380000000000013,-2.0865285760032384
GRFS,5.9333,6.0000,5.8762,5.9333,2.26 M,09/20/11,0.028500000000000192,0.4826581763988652
GRFS,5.8571,5.9524,5.8571,5.9048,178259,09/19/11,-0.04760000000000009,-0.7996774410321902
GRFS,6.0000,6.0476,5.8905,5.9524,450343,09/16/11,-0.04760000000000009,-0.7933333333333348
GRFS,6.1238,6.1286,5.6286,6.0000,459264,09/15/11,-0.03810000000000002,-0.6309931932230342
GRFS,6.1048,6.1048,6.0190,6.0381,165053,09/14/11,-0.02859999999999996,-0.47142598117592693
GRFS,6.2286,6.2286,5.9619,6.0667,1.17 M,09/13/11,-0.04760000000000009,-0.7785028539652958
GRFS,5.9714,6.1524,5.9429,6.1143,847380,09/12/11,0.02859999999999996,0.469954154821959
GRFS,6.1905,6.3333,5.8571,6.0857,4.31 M,09/09/11,-0.3905000000000003,-6.0297705444550855
GRFS,6.4000,6.5714,6.4000,6.4762,119340,09/08/11,0.019100000000000783,0.2957984234408757
GRFS,6.5238,6.6571,6.4286,6.4571,195624,09/07/11,0.03810000000000002,0.5935503972581403
GRFS,6.2667,6.4762,6.2190,6.4190,770091,09/06/11,-0.057200000000000806,-0.883233995244137
GRFS,6.4667,6.5333,6.3905,6.4762,30812,09/02/11,-0.12379999999999924,-1.8757575757575644
GRFS,6.5524,6.6190,6.4762,6.6000,260304,09/01/11,0.04760000000000009,0.7264513765948368
GRFS,6.5048,6.6667,6.3333,6.5524,818390,08/31/11,0.07619999999999916,1.1766159167412857
GRFS,6.4571,6.5714,6.4286,6.4762,287418,08/30/11,0.02859999999999996,0.44357590421241944
GRFS,6.3714,6.6571,6.3429,6.4476,243655,08/29/11,0.12380000000000013,1.9576836712103503
GRFS,6.3143,6.3905,6.2381,6.3238,169823,08/26/11,-0.06669999999999998,-1.043736796807761
GRFS,6.5429,6.5905,6.3238,6.3905,138607,08/25/11,-0.11430000000000007,-1.7571639404747272
GRFS,6.4762,6.5905,6.3143,6.5048,126513,08/24/11,0.02859999999999996,0.44161699762206164
GRFS,6.5429,6.5429,6.3810,6.4762,825782,08/23/11,-0.03810000000000002,-0.5848671384492581
GRFS,6.5238,6.6381,6.2382,6.5143,1.07 M,08/22/11,0.08570000000000011,1.333105186199174
GRFS,6.5143,6.5714,6.2190,6.4286,562578,08/19/11,-0.14279999999999937,-2.1730529263170615
GRFS,6.5524,6.7619,6.4762,6.5714,795284,08/18/11,-0.20000000000000018,-2.9535989603331685
GRFS,6.7714,6.8190,6.5714,6.7714,1.32 M,08/17/11,0.03329999999999966,0.4942045977352616
GRFS,6.7905,6.8667,6.5429,6.7381,549623,08/16/11,-0.11899999999999977,-1.73542751308862
GRFS,6.7619,7.0190,6.6952,6.8571,1.03 M,08/15/11,0.1333000000000002,1.9825098902406406
GRFS,6.7524,6.8095,6.5048,6.7238,431050,08/12/11,0.04760000000000009,0.7129804379736989
GRFS,6.5048,6.6857,6.3143,6.6762,1.49 M,08/11/11,0.18100000000000005,2.7866732356201513
GRFS,6.4762,6.5429,6.3429,6.4952,76691,08/10/11,-0.07620000000000005,-1.1595702590011268
GRFS,6.5714,6.5714,6.5714,6.5714,403580,08/09/11,0.27619999999999933,4.38746981827423
GRFS,6.7429,6.7429,6.0286,6.2952,893235,08/08/11,-0.5714999999999995,-8.322775132159546
GRFS,7.1048,7.1714,6.6952,6.8667,890698,08/05/11,-0.18090000000000028,-2.566831261706117
GRFS,7.2286,7.2476,6.9905,7.0476,712019,08/04/11,-0.33340000000000014,-4.51700311610893
GRFS,7.2286,7.3810,7.1429,7.3810,2.29 M,08/03/11,0.17149999999999999,2.378805742423191
GRFS,7.4571,7.4667,7.1429,7.2095,1.33 M,08/02/11,-0.31429999999999936,-4.177410351152335
GRFS,7.6857,7.6857,7.4286,7.5238,455687,08/01/11,-0.06190000000000051,-0.8160090696969364
GRFS,7.5714,7.6667,7.4857,7.5857,1.77 M,07/29/11,-0.0237999999999996,-0.3127669360667534
GRFS,7.5048,7.6762,7.4886,7.6095,2.03 M,07/28/11,0.1332999999999993,1.7829913592466669
GRFS,7.6190,7.6190,7.3143,7.4762,917593,07/27/11,-0.1048,-1.3824033768632107
GRFS,7.6000,7.6000,7.5429,7.5810,298509,07/26/11,-0.03799999999999937,-0.49875311720697424
GRFS,7.5524,7.6571,7.4190,7.6190,559392,07/25/11,-0.047699999999999854,-0.6221712079512679
GRFS,7.7048,7.7333,7.5714,7.6667,699680,07/22/11,-0.07620000000000005,-0.9841273941288154
GRFS,7.7048,7.7714,7.5810,7.7429,1.28 M,07/21/11,0.047699999999999854,0.6198669300343053
GRFS,7.6286,7.6981,7.5429,7.6952,1.47 M,07/20/11,0.1333000000000002,1.762784485380661
GRFS,7.4381,7.6095,7.4286,7.5619,1.42 M,07/19/11,0.1523999999999992,2.0568189486469963
GRFS,7.2762,7.4095,7.1762,7.4095,6.21 M,07/18/11,0.08570000000000011,1.170157568475383
GRFS,7.1619,7.3238,7.1429,7.3238,1.50 M,07/15/11,0.18090000000000028,2.532584804491177
GRFS,7.0952,7.1905,7.0000,7.1429,7.78 M,07/14/11,0.07620000000000005,1.0782968004867908
GRFS,7.1429,7.1429,6.9810,7.0667,3.53 M,07/13/11,-0.009500000000000064,-0.13425284757355732
GRFS,7.1524,7.1524,7.0476,7.0762,3.35 M,07/12/11,-0.11430000000000007,-1.5895973854391219
GRFS,7.0476,7.1905,7.0476,7.1905,1.30 M,07/11/11,-0.09520000000000017,-1.306669228763196
GRFS,7.0952,7.3057,7.0952,7.2857,911916,07/08/11,0.14280000000000026,1.9991880048719743
GRFS,7.1905,7.1905,7.1333,7.1429,1.07 M,07/07/11,0.0,0.0
GRFS,7.1810,7.1905,7.0000,7.1429,1.54 M,07/06/11,-0.03810000000000002,-0.5305667734298847
GRFS,7.0000,7.2667,7.0000,7.1810,792925,07/05/11,-0.05710000000000015,-0.7888810599466731
GRFS,7.1333,7.2762,6.8952,7.2381,1.02 M,07/01/11,0.08570000000000011,1.1981992058609712
GRFS,6.9238,7.2000,6.9238,7.1524,908139,06/30/11,0.2381000000000002,3.4435879264712295
GRFS,6.7619,6.9333,6.7619,6.9143,1.57 M,06/29/11,0.17140000000000022,2.541932996188587
GRFS,6.6762,6.7524,6.6667,6.7429,587335,06/28/11,0.06669999999999998,0.9990713280009584
GRFS,6.5714,6.7143,6.5238,6.6762,545131,06/27/11,0.08570000000000011,1.30035657385631
GRFS,6.7143,6.7143,6.5619,6.5905,821283,06/24/11,-0.10470000000000024,-1.5638069064404385
GRFS,6.6762,6.7524,6.5714,6.6952,1.01 M,06/23/11,-0.06669999999999998,-0.9864091453585528
GRFS,6.7810,6.8476,6.7619,6.7619,856352,06/22/11,-0.08570000000000011,-1.251533383959345
GRFS,6.6667,6.8571,6.6667,6.8476,1.27 M,06/21/11,0.09520000000000017,1.4098690835850982
GRFS,6.7524,6.8095,6.6667,6.7524,1.84 M,06/20/11,-0.03810000000000002,-0.5610779765849352
GRFS,6.7619,6.7905,6.7619,6.7905,531227,06/17/11,0.09529999999999994,1.4234078145537092
GRFS,6.7048,6.7905,6.6762,6.6952,1.08 M,06/16/11,-0.047699999999999854,-0.7074107579824683
GRFS,6.8190,6.9048,6.7143,6.7429,847295,06/15/11,-0.16190000000000015,-2.3447456841617447
GRFS,6.8286,6.9333,6.8286,6.9048,1.32 M,06/14/11,0.08579999999999988,1.258249010118784
GRFS,6.8095,6.8667,6.7524,6.8190,1.04 M,06/13/11,-0.05719999999999992,-0.8318548035252017
GRFS,6.8571,6.9048,6.8000,6.8762,1.42 M,06/10/11,0.019099999999999895,0.2785434075629624
GRFS,6.7905,6.9048,6.7429,6.8571,7.72 M,06/09/11,-0.009599999999999831,-0.13980514657695592
GRFS,6.8762,6.9333,6.8571,6.8667,2.67 M,06/08/11,-0.06660000000000021,-0.960581541257413
GRFS,6.8571,7.0000,6.8571,6.9333,3.59 M,06/07/11,0.028500000000000192,0.4127563434132805
GRFS,7.0857,7.0952,6.9048,6.9048,4.60 M,06/06/11,-0.14280000000000026,-2.0262216924910645
GRFS,7.0095,7.3048,6.8857,7.0476,15.49 M,06/03/11,-0.2381000000000002,-3.2680456236188724